,Sex,Length,Diameter,Height,Whole weight,Shucked weight,Viscera weight,Shell weight,Rings
866,M,0.605,0.455,0.16,1.1035,0.421,0.3015,0.325,9
1483,M,0.59,0.44,0.15,0.8725,0.387,0.215,0.245,8
599,F,0.56,0.445,0.195,0.981,0.305,0.2245,0.335,16
1702,F,0.635,0.49,0.17,1.2615,0.5385,0.2665,0.38,9
670,M,0.475,0.385,0.145,0.6175,0.235,0.108,0.215,14
2430,I,0.52,0.38,0.14,0.525,0.1775,0.115,0.185,11
1590,I,0.52,0.39,0.13,0.5545,0.2355,0.1095,0.1895,7
949,M,0.48,0.375,0.115,0.6765,0.3205,0.1065,0.17,6
4026,I,0.365,0.28,0.09,0.196,0.0865,0.036,0.0605,7
3668,F,0.585,0.465,0.145,0.9855,0.4325,0.2145,0.2845,10
351,F,0.585,0.45,0.17,0.8685,0.3325,0.1635,0.27,22
175,I,0.36,0.26,0.09,0.1785,0.0645,0.037,0.075,7
807,F,0.48,0.4,0.125,0.759,0.2125,0.179,0.24,15
393,I,0.365,0.295,0.095,0.25,0.1075,0.0545,0.08,9
2881,I,0.495,0.375,0.12,0.614,0.2855,0.1365,0.161,8
432,M,0.565,0.455,0.17,0.9065,0.342,0.156,0.32,18
179,M,0.58,0.475,0.15,0.97,0.385,0.2165,0.35,11
308,M,0.55,0.41,0.125,0.7605,0.2505,0.1635,0.195,14
1979,M,0.7,0.55,0.195,1.6245,0.675,0.347,0.535,13
2648,M,0.5,0.38,0.12,0.5765,0.273,0.135,0.145,9
166,F,0.725,0.575,0.175,2.124,0.765,0.4515,0.85,20
1419,F,0.705,0.57,0.18,1.5345,0.96,0.4195,0.43,12
1377,M,0.62,0.495,0.18,1.2555,0.5765,0.254,0.355,12
1688,M,0.625,0.49,0.165,1.1165,0.4895,0.2615,0.3325,11
1653,M,0.595,0.45,0.145,0.959,0.463,0.2065,0.2535,10
2283,I,0.435,0.345,0.12,0.4475,0.221,0.112,0.125,7
4035,I,0.52,0.41,0.14,0.5995,0.242,0.1375,0.182,11
4059,M,0.515,0.39,0.12,0.6125,0.302,0.1365,0.1415,8
1641,M,0.575,0.445,0.16,0.839,0.4005,0.198,0.239,9
3728,I,0.51,0.375,0.15,0.8415,0.3845,0.156,0.255,10
4110,M,0.51,0.41,0.155,1.2825,0.569,0.291,0.3795,9
2792,M,0.625,0.49,0.165,1.205,0.5175,0.3105,0.3465,10
1829,I,0.365,0.27,0.085,0.197,0.0815,0.0325,0.065,6
690,M,0.5,0.375,0.15,0.636,0.2535,0.145,0.19,10
1578,I,0.495,0.37,0.125,0.4715,0.2075,0.091,0.15,8
990,F,0.575,0.46,0.16,1.103,0.538,0.221,0.249,9
3632,I,0.3,0.225,0.075,0.1345,0.057,0.028,0.044,5
238,I,0.11,0.09,0.03,0.008,0.0025,0.002,0.003,3
3186,F,0.47,0.36,0.11,0.4965,0.237,0.127,0.13,6
907,I,0.33,0.265,0.085,0.196,0.0775,0.0305,0.0445,6
1422,M,0.72,0.575,0.215,2.173,0.9515,0.564,0.5365,12
3148,F,0.71,0.53,0.195,1.8745,0.6755,0.4065,0.6855,12
3237,M,0.635,0.51,0.155,1.156,0.428,0.289,0.315,18
1117,I,0.53,0.4,0.125,0.617,0.279,0.127,0.19,8
3210,M,0.565,0.45,0.14,1.0055,0.3785,0.244,0.265,12
1421,F,0.72,0.575,0.17,1.9335,0.913,0.389,0.51,13
3957,F,0.555,0.44,0.155,1.016,0.4935,0.1855,0.263,10
1338,M,0.58,0.455,0.135,0.7955,0.405,0.167,0.204,10
734,M,0.525,0.425,0.12,0.8665,0.2825,0.176,0.29,18
149,I,0.17,0.13,0.095,0.03,0.013,0.008,0.01,4
3407,I,0.35,0.265,0.08,0.192,0.081,0.0465,0.053,6
270,F,0.64,0.525,0.215,1.779,0.4535,0.2855,0.55,22
1862,I,0.52,0.41,0.11,0.5185,0.2165,0.0915,0.184,8
465,I,0.175,0.125,0.05,0.0235,0.008,0.0035,0.008,5
2005,I,0.395,0.29,0.095,0.3,0.158,0.068,0.078,7
3658,I,0.535,0.45,0.155,0.8075,0.3655,0.148,0.2595,10
505,M,0.6,0.47,0.175,1.105,0.4865,0.247,0.315,15
2344,M,0.67,0.55,0.17,1.247,0.472,0.2455,0.4,21
1912,I,0.58,0.44,0.145,0.7905,0.3525,0.1645,0.242,10
3315,M,0.35,0.26,0.09,0.195,0.0745,0.041,0.0655,9
865,F,0.605,0.475,0.175,1.382,0.609,0.2325,0.3985,10
1736,F,0.67,0.52,0.19,1.32,0.5235,0.3095,0.4275,13
1926,M,0.615,0.47,0.145,1.0285,0.4435,0.2825,0.285,11
3409,I,0.395,0.31,0.095,0.313,0.131,0.072,0.093,7
2111,I,0.455,0.355,0.08,0.452,0.2165,0.0995,0.125,9
1730,M,0.665,0.505,0.16,1.289,0.6145,0.253,0.3665,11
1057,I,0.225,0.165,0.055,0.059,0.027,0.0125,0.015,4
1432,I,0.365,0.255,0.08,0.1985,0.0785,0.0345,0.053,5
1467,I,0.515,0.4,0.125,0.5625,0.25,0.1245,0.17,7
96,M,0.535,0.435,0.15,0.725,0.269,0.1385,0.25,9
1721,M,0.655,0.55,0.18,1.274,0.586,0.281,0.365,10
196,F,0.505,0.41,0.15,0.644,0.285,0.145,0.21,11
2325,F,0.415,0.305,0.105,0.3605,0.12,0.082,0.1,10
1769,M,0.445,0.32,0.12,0.414,0.199,0.09,0.117,7
3361,M,0.41,0.315,0.095,0.306,0.121,0.0735,0.09,9
2615,M,0.645,0.5,0.175,1.5105,0.6735,0.3755,0.3775,12
314,M,0.63,0.485,0.175,1.3,0.4335,0.2945,0.46,23
2266,F,0.635,0.51,0.175,1.2125,0.5735,0.261,0.36,14
150,M,0.59,0.475,0.145,1.053,0.4415,0.262,0.325,15
1114,I,0.525,0.4,0.14,0.601,0.2625,0.1285,0.1835,9
3277,F,0.465,0.39,0.14,0.5555,0.213,0.1075,0.215,15
3282,F,0.58,0.475,0.165,1.0385,0.414,0.26,0.305,13
4139,F,0.635,0.495,0.175,1.2355,0.5205,0.3085,0.347,10
1094,I,0.47,0.38,0.125,0.4845,0.211,0.1075,0.142,6
1235,I,0.375,0.29,0.085,0.2385,0.118,0.045,0.0695,7
70,M,0.555,0.425,0.13,0.7665,0.264,0.168,0.275,13
3811,M,0.555,0.445,0.13,0.8625,0.4225,0.155,0.24,9
534,I,0.47,0.37,0.14,0.4985,0.2095,0.1225,0.145,10
33,F,0.68,0.55,0.175,1.798,0.815,0.3925,0.455,19
3393,M,0.575,0.435,0.13,1.0105,0.368,0.222,0.32,10
800,M,0.46,0.34,0.135,0.495,0.1655,0.117,0.185,10
596,F,0.55,0.43,0.14,0.7135,0.2565,0.186,0.225,9
1509,F,0.645,0.505,0.165,1.318,0.55,0.3015,0.335,11
4148,M,0.77,0.605,0.175,2.0505,0.8005,0.526,0.355,11
1962,F,0.655,0.525,0.175,1.348,0.5855,0.2605,0.394,10
2760,I,0.55,0.43,0.145,0.712,0.3025,0.152,0.225,10
2509,I,0.415,0.315,0.09,0.3625,0.175,0.0835,0.093,6
2328,F,0.525,0.425,0.145,0.7995,0.3345,0.209,0.24,15
2519,I,0.505,0.39,0.185,0.6125,0.267,0.142,0.172,7
1222,I,0.335,0.245,0.09,0.2015,0.096,0.0405,0.048,7
2178,F,0.595,0.48,0.2,0.975,0.358,0.2035,0.34,15
2303,F,0.58,0.455,0.12,0.94,0.399,0.257,0.265,11
888,F,0.68,0.56,0.195,1.7775,0.861,0.322,0.415,11
4052,M,0.625,0.47,0.145,1.7855,0.675,0.247,0.3245,13
3727,M,0.505,0.4,0.15,0.775,0.3445,0.157,0.185,7
109,F,0.435,0.395,0.105,0.3635,0.136,0.098,0.13,9
1392,M,0.635,0.475,0.17,1.1935,0.5205,0.2695,0.3665,10
4157,M,0.475,0.36,0.14,0.5135,0.241,0.1045,0.155,8
1170,F,0.625,0.485,0.175,1.3745,0.7335,0.2715,0.332,9
1728,M,0.66,0.51,0.165,1.6375,0.7685,0.3545,0.3925,14
3396,M,0.605,0.475,0.16,1.616,0.5495,0.332,0.34,18
4036,I,0.54,0.42,0.14,0.74,0.3595,0.159,0.1985,8
551,I,0.615,0.49,0.155,0.9885,0.4145,0.195,0.345,13
3655,M,0.53,0.41,0.125,0.769,0.346,0.173,0.215,9
3335,F,0.425,0.325,0.135,0.382,0.1465,0.079,0.14,12
2456,I,0.25,0.18,0.06,0.073,0.028,0.017,0.0225,5
8,M,0.475,0.37,0.125,0.5095,0.2165,0.1125,0.165,9
2377,I,0.535,0.41,0.155,0.6315,0.2745,0.1415,0.1815,12
862,M,0.6,0.475,0.175,1.3445,0.549,0.2875,0.36,11
3917,I,0.615,0.46,0.19,1.066,0.4335,0.226,0.33,13
188,F,0.63,0.48,0.16,1.199,0.5265,0.335,0.315,11
1337,M,0.58,0.46,0.155,1.4395,0.6715,0.273,0.2955,10
2835,M,0.57,0.42,0.14,0.8745,0.416,0.165,0.25,8
527,F,0.57,0.445,0.155,0.733,0.282,0.159,0.235,14
205,F,0.44,0.34,0.14,0.482,0.186,0.1085,0.16,9
744,M,0.53,0.415,0.13,0.8425,0.275,0.1945,0.265,20
3572,F,0.585,0.46,0.165,1.058,0.486,0.25,0.294,9
1034,F,0.655,0.46,0.16,1.494,0.6895,0.331,0.1825,9
1885,I,0.555,0.45,0.175,0.738,0.304,0.1755,0.22,9
3061,M,0.63,0.495,0.18,1.31,0.495,0.295,0.4695,10
1313,M,0.55,0.43,0.15,0.8745,0.413,0.1905,0.248,9
1281,I,0.5,0.38,0.135,0.594,0.2945,0.104,0.1565,9
3984,M,0.6,0.465,0.155,1.262,0.6245,0.2455,0.33,10
3142,I,0.215,0.165,0.055,0.059,0.0265,0.0125,0.0185,5
3379,I,0.295,0.21,0.08,0.1,0.038,0.026,0.031,8
3033,M,0.535,0.41,0.12,0.6835,0.3125,0.1655,0.159,8
1029,F,0.645,0.5,0.16,1.2465,0.5475,0.327,0.3,10
3467,M,0.66,0.525,0.18,1.478,0.5815,0.381,0.372,10
538,M,0.275,0.205,0.07,0.094,0.0335,0.02,0.0325,5
3691,M,0.645,0.51,0.19,1.4865,0.6445,0.296,0.425,12
3023,I,0.47,0.375,0.125,0.5225,0.2265,0.104,0.162,8
298,M,0.49,0.395,0.14,0.549,0.2215,0.1275,0.15,11
3657,M,0.535,0.405,0.14,0.7315,0.336,0.156,0.19,7
3027,I,0.5,0.38,0.135,0.5285,0.226,0.123,0.209,8
1176,M,0.645,0.53,0.195,1.39,0.6465,0.2945,0.3735,10
1747,F,0.7,0.535,0.175,1.773,0.6805,0.48,0.512,15
1309,I,0.545,0.43,0.15,0.7285,0.302,0.1315,0.2545,10
2484,M,0.46,0.36,0.135,0.6105,0.1955,0.107,0.235,14
471,F,0.515,0.405,0.12,0.646,0.2895,0.1405,0.177,10
2441,M,0.54,0.415,0.17,0.879,0.339,0.208,0.255,10
17,F,0.44,0.34,0.1,0.451,0.188,0.087,0.13,10
1786,I,0.535,0.385,0.18,1.0835,0.4955,0.2295,0.304,8
366,M,0.58,0.465,0.145,0.887,0.4405,0.1655,0.265,11
408,M,0.555,0.45,0.145,0.915,0.4,0.246,0.285,11
2985,I,0.535,0.4,0.135,0.775,0.368,0.208,0.2055,8
2910,M,0.58,0.445,0.15,0.9525,0.4315,0.1945,0.287,11
598,I,0.605,0.495,0.145,1.054,0.369,0.2255,0.36,12
568,M,0.28,0.21,0.08,0.1085,0.041,0.0265,0.0345,7
2297,M,0.475,0.36,0.12,0.578,0.2825,0.12,0.17,8
3161,F,0.335,0.22,0.07,0.17,0.076,0.0365,0.05,6
1149,F,0.58,0.45,0.155,0.93,0.385,0.246,0.265,9
69,I,0.31,0.235,0.07,0.151,0.063,0.0405,0.045,6
4051,M,0.625,0.5,0.175,1.0565,0.4615,0.258,0.305,10
2475,F,0.59,0.455,0.165,1.161,0.38,0.2455,0.28,12
3109,I,0.38,0.29,0.085,0.2285,0.088,0.0465,0.075,7
1393,M,0.635,0.51,0.155,0.986,0.405,0.2255,0.31,10
2345,F,0.71,0.565,0.195,1.7265,0.638,0.3365,0.565,17
2354,M,0.635,0.495,0.15,1.081,0.4825,0.242,0.31,11
1018,M,0.63,0.48,0.15,1.1785,0.5185,0.248,0.3235,8
1626,F,0.57,0.45,0.135,0.7805,0.3345,0.185,0.21,8
2758,M,0.535,0.43,0.155,0.7845,0.3285,0.169,0.245,10
4176,M,0.71,0.555,0.195,1.9485,0.9455,0.3765,0.495,12
3049,M,0.59,0.405,0.15,0.853,0.326,0.2615,0.245,9
2258,M,0.43,0.335,0.115,0.406,0.166,0.0935,0.135,8
1258,I,0.43,0.315,0.095,0.378,0.175,0.08,0.1045,8
3450,F,0.525,0.44,0.125,0.7115,0.3205,0.159,0.1915,7
1292,I,0.515,0.4,0.135,0.6965,0.32,0.1255,0.175,9
2093,F,0.505,0.385,0.115,0.616,0.243,0.1075,0.21,11
1003,M,0.595,0.455,0.15,1.044,0.518,0.2205,0.27,9
1350,F,0.595,0.465,0.15,0.98,0.4115,0.196,0.2255,10
733,M,0.505,0.38,0.13,0.656,0.227,0.1785,0.22,13
3254,F,0.435,0.35,0.105,0.4195,0.194,0.1005,0.13,7
2045,I,0.405,0.31,0.09,0.312,0.138,0.06,0.087,8
969,M,0.51,0.41,0.145,0.796,0.3865,0.1815,0.1955,8
2636,I,0.44,0.34,0.1,0.407,0.209,0.0735,0.103,7
14,F,0.47,0.355,0.1,0.4755,0.1675,0.0805,0.185,10
2063,M,0.525,0.385,0.1,0.5115,0.246,0.1005,0.1455,8
1945,F,0.635,0.505,0.155,1.2895,0.594,0.314,0.345,11
1891,I,0.565,0.435,0.145,0.8445,0.3975,0.158,0.255,9
1213,I,0.25,0.19,0.065,0.0835,0.039,0.015,0.025,5
2749,I,0.505,0.38,0.135,0.5385,0.2645,0.095,0.165,9
978,M,0.535,0.43,0.14,0.7165,0.2855,0.1595,0.2155,8
371,F,0.66,0.565,0.195,1.7605,0.692,0.3265,0.5,16
755,M,0.62,0.505,0.185,1.5275,0.69,0.368,0.35,13
3684,I,0.62,0.47,0.155,0.966,0.447,0.171,0.284,11
2399,F,0.53,0.43,0.17,0.775,0.35,0.152,0.235,17
3129,F,0.63,0.49,0.17,1.2155,0.4625,0.2045,0.3105,10
1961,F,0.655,0.515,0.18,1.412,0.6195,0.2485,0.497,11
3229,F,0.64,0.505,0.19,1.2765,0.4835,0.328,0.4,12
2603,F,0.62,0.51,0.175,1.2705,0.5415,0.323,0.3225,9
2889,I,0.52,0.4,0.11,0.597,0.2935,0.1155,0.16,8
746,F,0.66,0.52,0.2,1.676,0.673,0.4805,0.45,17
798,M,0.52,0.42,0.16,0.745,0.255,0.157,0.2885,11
3948,F,0.53,0.4,0.165,0.772,0.2855,0.1975,0.23,12
457,I,0.36,0.28,0.105,0.199,0.0695,0.045,0.08,9
594,M,0.535,0.42,0.15,0.6995,0.2575,0.153,0.24,12
2936,M,0.625,0.495,0.175,1.2075,0.531,0.281,0.3525,11
1001,M,0.595,0.475,0.165,1.213,0.621,0.2435,0.274,9
3755,I,0.51,0.395,0.105,0.5525,0.234,0.127,0.165,8
4084,F,0.575,0.48,0.17,1.1,0.506,0.2485,0.31,10
2195,I,0.26,0.215,0.08,0.099,0.037,0.0255,0.045,5
2130,M,0.585,0.455,0.14,0.97,0.462,0.185,0.295,9
2803,M,0.65,0.51,0.175,1.446,0.6485,0.2705,0.45,12
3969,I,0.38,0.3,0.09,0.277,0.1655,0.0625,0.082,6
3988,M,0.665,0.515,0.165,1.3855,0.621,0.302,0.3445,8
3220,M,0.5,0.4,0.145,0.6025,0.216,0.138,0.21,11
3595,M,0.66,0.515,0.2,1.6465,0.749,0.422,0.401,11
3479,I,0.44,0.33,0.11,0.38,0.197,0.079,0.09,7
1780,M,0.515,0.35,0.155,0.9225,0.4185,0.198,0.273,9
3889,M,0.62,0.5,0.2,1.221,0.4605,0.263,0.43,12
3057,M,0.615,0.49,0.17,1.145,0.4915,0.208,0.343,13
2494,M,0.4,0.305,0.13,0.2935,0.096,0.0675,0.105,9
184,F,0.645,0.51,0.2,1.5675,0.621,0.367,0.46,12
1983,F,0.725,0.57,0.205,1.6195,0.744,0.315,0.488,11
2144,M,0.455,0.35,0.105,0.401,0.1575,0.083,0.135,9
1550,I,0.385,0.3,0.09,0.308,0.1525,0.056,0.0835,8
3644,I,0.475,0.365,0.105,0.4175,0.1645,0.099,0.127,7
2540,F,0.675,0.55,0.175,1.689,0.694,0.371,0.474,13
3422,M,0.61,0.47,0.155,1.0325,0.497,0.2175,0.2785,9
330,M,0.5,0.38,0.155,0.5955,0.2135,0.161,0.2,12
463,I,0.22,0.165,0.055,0.0545,0.0215,0.012,0.02,5
1041,F,0.675,0.57,0.225,1.587,0.739,0.2995,0.435,10
2943,F,0.63,0.485,0.185,1.167,0.548,0.2485,0.34,10
794,M,0.58,0.465,0.16,1.0345,0.315,0.26,0.3635,12
211,M,0.335,0.25,0.09,0.181,0.0755,0.0415,0.06,7
2092,M,0.53,0.425,0.13,0.7455,0.2995,0.1355,0.245,10
3349,I,0.47,0.375,0.105,0.468,0.1665,0.108,0.17,10
132,F,0.325,0.26,0.09,0.1915,0.085,0.036,0.062,7
2548,I,0.275,0.195,0.07,0.0875,0.0345,0.022,0.0255,4
2781,M,0.595,0.475,0.14,1.0305,0.4925,0.217,0.278,10
2992,I,0.595,0.43,0.165,0.9845,0.4525,0.207,0.2725,8
3076,F,0.68,0.56,0.195,1.664,0.58,0.3855,0.545,11
3045,F,0.58,0.435,0.155,0.8785,0.425,0.1685,0.2425,10
2292,F,0.38,0.3,0.09,0.3215,0.1545,0.075,0.095,9
2279,M,0.525,0.405,0.135,0.7575,0.3305,0.216,0.195,10
2514,I,0.47,0.37,0.11,0.5555,0.25,0.115,0.163,8
1598,I,0.53,0.4,0.145,0.555,0.1935,0.1305,0.195,9
1835,I,0.41,0.335,0.105,0.3305,0.1405,0.064,0.105,7
937,I,0.455,0.355,0.125,0.5325,0.225,0.126,0.1465,7
1088,I,0.45,0.34,0.12,0.4925,0.241,0.1075,0.12,6
2507,I,0.415,0.325,0.1,0.4665,0.2285,0.1065,0.114,7
1185,F,0.67,0.505,0.205,1.3645,0.6075,0.3025,0.353,9
2913,M,0.59,0.5,0.15,1.142,0.485,0.265,0.345,9
2726,I,0.4,0.305,0.1,0.3415,0.176,0.0625,0.0865,7
410,M,0.59,0.5,0.165,1.1045,0.4565,0.2425,0.34,15
2250,M,0.655,0.59,0.2,1.5455,0.654,0.3765,0.415,11
1717,F,0.65,0.495,0.155,1.337,0.615,0.3195,0.335,9
893,I,0.24,0.175,0.055,0.0705,0.025,0.014,0.021,5
1042,F,0.675,0.565,0.195,1.8375,0.7645,0.3615,0.553,12
2314,F,0.58,0.475,0.135,0.925,0.391,0.165,0.275,14
2202,M,0.57,0.405,0.16,0.9245,0.3445,0.2185,0.295,19
2402,I,0.44,0.355,0.165,0.435,0.159,0.105,0.14,16
3021,I,0.455,0.355,0.105,0.372,0.138,0.0765,0.135,9
3659,M,0.545,0.41,0.14,0.737,0.349,0.15,0.212,9
3028,I,0.515,0.385,0.125,0.572,0.237,0.1435,0.165,7
296,I,0.275,0.205,0.075,0.1105,0.045,0.0285,0.035,6
134,I,0.265,0.2,0.065,0.0975,0.04,0.0205,0.028,7
2460,M,0.445,0.35,0.14,0.5905,0.2025,0.158,0.19,14
4008,M,0.585,0.455,0.155,1.133,0.5515,0.223,0.305,12
3635,I,0.37,0.275,0.095,0.257,0.1015,0.055,0.0825,6
2029,M,0.58,0.46,0.16,1.063,0.513,0.2705,0.2625,9
2591,F,0.585,0.45,0.16,0.9045,0.405,0.2215,0.2335,8
3533,I,0.4,0.31,0.115,0.314,0.1545,0.0595,0.087,6
3501,M,0.6,0.475,0.16,1.164,0.5045,0.2635,0.335,12
838,F,0.48,0.365,0.135,0.6395,0.2945,0.113,0.175,8
32,M,0.665,0.525,0.165,1.338,0.5515,0.3575,0.35,18
1703,F,0.64,0.505,0.165,1.2235,0.5215,0.2695,0.36,10
3305,I,0.6,0.445,0.175,1.057,0.383,0.216,0.355,16
1720,M,0.65,0.51,0.16,1.3835,0.6385,0.2905,0.3665,9
3085,I,0.255,0.185,0.06,0.0925,0.039,0.021,0.025,6
785,M,0.55,0.415,0.175,1.042,0.3295,0.2325,0.2905,15
2330,I,0.42,0.345,0.115,0.3435,0.1515,0.0795,0.115,9
2355,M,0.555,0.44,0.135,0.9025,0.3805,0.2105,0.28,13
2659,F,0.55,0.44,0.135,0.8435,0.434,0.1995,0.185,8
650,M,0.255,0.18,0.065,0.079,0.034,0.014,0.025,5
3773,F,0.575,0.46,0.15,0.927,0.333,0.207,0.2985,9
1921,M,0.605,0.47,0.18,1.1155,0.479,0.2565,0.321,10
3380,I,0.19,0.13,0.045,0.0265,0.009,0.005,0.009,5
1611,M,0.55,0.435,0.14,0.7625,0.327,0.1685,0.259,10
1966,F,0.665,0.5,0.15,1.2475,0.4625,0.2955,0.3595,10
4017,M,0.66,0.505,0.19,1.4385,0.6775,0.285,0.178,11
1056,I,0.2,0.155,0.04,0.0435,0.0155,0.009,0.007,4
2236,F,0.56,0.435,0.185,1.106,0.422,0.2435,0.33,15
438,M,0.39,0.3,0.09,0.3055,0.143,0.0645,0.085,9
229,F,0.53,0.415,0.16,0.783,0.2935,0.158,0.245,15
2948,F,0.635,0.5,0.19,1.29,0.593,0.3045,0.352,8
3084,I,0.23,0.17,0.05,0.057,0.026,0.013,0.016,5
170,M,0.695,0.55,0.215,1.9565,0.7125,0.541,0.59,14
1553,I,0.39,0.29,0.1,0.2225,0.095,0.0465,0.073,7
1017,F,0.63,0.495,0.165,1.3075,0.599,0.284,0.315,11
3125,M,0.585,0.46,0.15,1.206,0.581,0.216,0.323,10
1164,M,0.615,0.46,0.17,1.0565,0.4815,0.272,0.27,10
4165,I,0.405,0.3,0.085,0.3035,0.15,0.0505,0.088,7
2620,F,0.695,0.55,0.155,1.8495,0.767,0.442,0.4175,10
2022,F,0.53,0.43,0.15,0.741,0.325,0.1855,0.196,9
544,F,0.38,0.29,0.105,0.257,0.099,0.051,0.085,10
318,F,0.58,0.455,0.155,0.8365,0.315,0.1385,0.32,18
2728,I,0.405,0.31,0.11,0.91,0.416,0.2075,0.0995,8
4149,I,0.28,0.215,0.07,0.124,0.063,0.0215,0.03,6
691,I,0.255,0.19,0.075,0.0865,0.0345,0.0205,0.025,5
2583,F,0.53,0.405,0.15,0.889,0.4055,0.2275,0.215,8
1770,I,0.455,0.335,0.105,0.422,0.229,0.0865,0.1,6
45,I,0.39,0.295,0.095,0.203,0.0875,0.045,0.075,7
490,M,0.59,0.455,0.145,1.073,0.475,0.19,0.285,14
3054,M,0.6,0.45,0.15,0.8665,0.3695,0.1955,0.255,12
1652,M,0.595,0.45,0.14,0.838,0.3965,0.194,0.217,10
43,I,0.205,0.15,0.055,0.042,0.0255,0.015,0.012,5
501,F,0.62,0.52,0.225,1.1835,0.378,0.27,0.395,23
3041,M,0.575,0.47,0.15,0.9785,0.4505,0.196,0.276,9
1867,I,0.525,0.415,0.12,0.596,0.2805,0.12,0.1695,9
676,M,0.54,0.415,0.145,0.74,0.2635,0.168,0.245,12
2124,M,0.385,0.295,0.095,0.335,0.147,0.094,0.09,7
2725,I,0.395,0.32,0.1,0.3075,0.149,0.0535,0.09,8
1270,I,0.47,0.355,0.18,0.48,0.2055,0.105,0.1505,8
731,M,0.545,0.42,0.13,0.879,0.374,0.1695,0.23,13
1538,I,0.355,0.27,0.075,0.1775,0.079,0.0315,0.054,6
251,M,0.59,0.47,0.18,1.1235,0.4205,0.2805,0.36,13
2090,M,0.775,0.57,0.22,2.032,0.735,0.4755,0.6585,17
682,F,0.435,0.325,0.115,0.3915,0.154,0.094,0.12,7
1487,M,0.6,0.455,0.155,0.945,0.4365,0.2085,0.25,8
964,I,0.505,0.355,0.125,0.601,0.25,0.1205,0.185,8
2242,F,0.475,0.38,0.135,0.486,0.1735,0.07,0.185,7
325,I,0.355,0.275,0.09,0.251,0.097,0.053,0.08,7
1898,F,0.57,0.44,0.12,0.803,0.382,0.1525,0.234,9
2488,M,0.5,0.385,0.145,0.7615,0.246,0.195,0.204,14
511,F,0.455,0.35,0.14,0.5185,0.221,0.1265,0.135,10
1789,F,0.545,0.385,0.15,1.1185,0.5425,0.2445,0.2845,9
2622,F,0.7,0.575,0.205,1.7975,0.7295,0.3935,0.5165,13
1784,M,0.53,0.41,0.14,0.7545,0.3495,0.1715,0.2105,8
576,I,0.56,0.425,0.14,0.9175,0.4005,0.1975,0.26,10
1024,F,0.645,0.5,0.155,1.2205,0.6145,0.236,0.3185,10
3887,F,0.56,0.44,0.155,0.9705,0.4315,0.263,0.255,9
3626,M,0.69,0.53,0.19,1.5955,0.678,0.331,0.48,10
2442,M,0.475,0.355,0.125,0.4625,0.186,0.107,0.145,9
3750,I,0.435,0.375,0.11,0.4155,0.17,0.076,0.145,8
2078,M,0.61,0.48,0.165,1.2435,0.5575,0.2675,0.372,8
309,M,0.57,0.435,0.145,0.9055,0.3925,0.2355,0.275,10
3273,F,0.475,0.375,0.14,0.501,0.192,0.1175,0.175,13
1322,F,0.56,0.445,0.155,1.224,0.5565,0.3225,0.2695,10
842,M,0.5,0.4,0.125,0.5975,0.27,0.1275,0.166,9
4076,I,0.545,0.43,0.14,0.772,0.289,0.19,0.2615,8
1859,I,0.515,0.415,0.135,0.7125,0.285,0.152,0.245,10
2585,F,0.55,0.425,0.125,0.964,0.5475,0.159,0.215,8
3053,F,0.6,0.45,0.14,0.869,0.3425,0.195,0.291,11
1497,M,0.625,0.52,0.175,1.4105,0.691,0.322,0.3465,10
720,I,0.16,0.11,0.025,0.018,0.0065,0.0055,0.005,3
1431,I,0.365,0.265,0.135,0.2215,0.105,0.047,0.0605,7
3846,I,0.37,0.275,0.085,0.2045,0.096,0.056,0.08,6
1429,I,0.14,0.105,0.035,0.014,0.0055,0.0025,0.004,3
3492,M,0.555,0.44,0.145,0.85,0.4165,0.1685,0.23,8
1924,F,0.61,0.46,0.155,0.957,0.4255,0.1975,0.265,8
602,F,0.39,0.3,0.1,0.265,0.1075,0.06,0.0865,13
759,M,0.57,0.43,0.12,1.0615,0.348,0.167,0.31,15
3637,I,0.435,0.325,0.1,0.342,0.1335,0.0835,0.105,6
3295,M,0.59,0.45,0.12,0.7485,0.3345,0.1315,0.22,14
3541,I,0.45,0.35,0.11,0.514,0.253,0.1045,0.14,8
2998,F,0.635,0.51,0.17,1.2235,0.532,0.271,0.354,9
3901,F,0.525,0.43,0.125,0.813,0.3315,0.166,0.1775,12
4043,F,0.58,0.46,0.135,0.926,0.4025,0.208,0.275,8
3206,I,0.295,0.215,0.075,0.116,0.037,0.0295,0.04,8
2107,F,0.675,0.55,0.18,1.6885,0.562,0.3705,0.6,15
2699,M,0.67,0.5,0.2,1.269,0.576,0.2985,0.351,11
1260,I,0.44,0.34,0.12,0.438,0.2115,0.083,0.12,9
3010,I,0.375,0.26,0.08,0.2075,0.09,0.0415,0.07,6
93,F,0.625,0.495,0.165,1.262,0.507,0.318,0.39,10
2359,F,0.645,0.525,0.2,1.449,0.601,0.2565,0.505,13
2194,I,0.43,0.325,0.11,0.3675,0.1355,0.0935,0.12,13
2517,M,0.48,0.37,0.135,0.6315,0.3445,0.1015,0.161,7
1583,I,0.51,0.395,0.13,0.6025,0.281,0.143,0.162,7
23,F,0.55,0.415,0.135,0.7635,0.318,0.21,0.2,9
3725,M,0.495,0.375,0.155,0.976,0.45,0.2285,0.2475,9
3816,M,0.465,0.355,0.12,0.5315,0.2725,0.097,0.1395,8
1600,I,0.535,0.4,0.13,0.657,0.2835,0.162,0.175,7
3375,F,0.46,0.33,0.15,0.5325,0.2085,0.1805,0.125,10
871,F,0.62,0.505,0.16,1.3725,0.6285,0.275,0.3685,11
174,I,0.235,0.16,0.04,0.048,0.0185,0.018,0.015,5
1395,M,0.64,0.525,0.18,1.3135,0.4865,0.2995,0.4075,10
1972,M,0.68,0.54,0.19,1.623,0.7165,0.354,0.4715,12
315,I,0.45,0.355,0.11,0.4585,0.194,0.067,0.14,8
217,I,0.405,0.3,0.12,0.324,0.1265,0.07,0.11,7
2186,F,0.52,0.4,0.125,0.6865,0.295,0.1715,0.185,9
1210,I,0.185,0.375,0.12,0.4645,0.196,0.1045,0.15,6
3134,M,0.46,0.36,0.125,0.547,0.2165,0.1105,0.19,8
2480,F,0.52,0.425,0.145,0.7,0.207,0.1905,0.24,13
2577,I,0.505,0.385,0.12,0.6005,0.239,0.142,0.185,7
3449,M,0.52,0.395,0.125,0.8115,0.4035,0.166,0.2,7
1345,M,0.585,0.475,0.15,1.065,0.5315,0.199,0.2885,10
1424,F,0.73,0.58,0.19,1.7375,0.6785,0.4345,0.52,11
2335,M,0.61,0.49,0.15,1.103,0.425,0.2025,0.36,23
1321,I,0.56,0.425,0.145,0.688,0.3095,0.1305,0.2165,9
2855,F,0.655,0.515,0.155,1.309,0.524,0.346,0.385,11
99,F,0.475,0.375,0.125,0.5785,0.2775,0.085,0.155,10
1632,M,0.575,0.455,0.165,0.867,0.3765,0.1805,0.268,8
1289,I,0.505,0.395,0.105,0.551,0.248,0.103,0.171,8
3973,I,0.415,0.33,0.1,0.3905,0.1925,0.0755,0.1025,7
3414,F,0.49,0.37,0.105,0.5265,0.249,0.1005,0.148,7
3732,F,0.575,0.42,0.19,1.764,0.914,0.377,0.4095,10
120,F,0.47,0.365,0.105,0.4205,0.163,0.1035,0.14,9
1188,F,0.69,0.54,0.155,1.454,0.624,0.3105,0.39,9
3879,F,0.61,0.49,0.17,1.1775,0.5655,0.2385,0.295,15
156,F,0.575,0.46,0.19,0.994,0.392,0.2425,0.34,13
2483,F,0.54,0.415,0.175,0.8975,0.275,0.241,0.275,14
1545,I,0.375,0.28,0.08,0.2165,0.0935,0.0925,0.07,7
1937,M,0.625,0.515,0.17,1.331,0.5725,0.3005,0.361,9
1666,F,0.605,0.47,0.155,0.974,0.393,0.224,0.3345,9
1061,I,0.275,0.195,0.065,0.106,0.054,0.02,0.028,6
305,I,0.2,0.145,0.06,0.037,0.0125,0.0095,0.011,4
3983,F,0.585,0.45,0.125,0.874,0.3545,0.2075,0.225,6
3789,F,0.645,0.51,0.155,1.129,0.5015,0.24,0.342,10
1370,M,0.615,0.47,0.165,1.128,0.4465,0.2195,0.34,10
2384,F,0.44,0.345,0.105,0.4285,0.165,0.083,0.132,11
1200,F,0.72,0.55,0.2,1.9965,0.9035,0.469,0.5215,10
4046,M,0.6,0.46,0.155,0.6655,0.285,0.149,0.269,11
2302,M,0.46,0.375,0.13,0.5735,0.2505,0.119,0.195,9
1657,M,0.6,0.48,0.165,0.9165,0.4135,0.1965,0.2725,9
843,M,0.505,0.44,0.14,0.8275,0.3415,0.1855,0.239,8
240,M,0.565,0.425,0.16,0.9425,0.3495,0.2185,0.275,17
1162,M,0.61,0.485,0.145,1.3305,0.783,0.2255,0.2865,9
1503,F,0.63,0.49,0.225,1.336,0.6805,0.259,0.3245,10
2654,F,0.545,0.43,0.14,0.832,0.4355,0.17,0.201,9
879,F,0.64,0.51,0.165,1.486,0.7595,0.332,0.321,8
3189,M,0.55,0.405,0.15,0.9235,0.412,0.2135,0.24,7
4092,F,0.625,0.49,0.19,1.7015,0.7465,0.4105,0.3855,11
1157,F,0.605,0.47,0.165,1.1775,0.611,0.2275,0.292,9
1404,F,0.655,0.525,0.19,1.3595,0.564,0.3215,0.3985,10
1068,I,0.37,0.28,0.1,0.221,0.1165,0.0265,0.0635,6
495,F,0.625,0.5,0.15,0.953,0.3445,0.2235,0.305,15
2170,M,0.285,0.21,0.075,0.1185,0.055,0.0285,0.04,7
1480,F,0.58,0.46,0.175,1.165,0.65,0.2205,0.3055,9
1731,F,0.665,0.505,0.16,1.2915,0.631,0.2925,0.32,11
655,M,0.295,0.215,0.075,0.129,0.05,0.0295,0.04,7
642,F,0.59,0.45,0.16,0.9,0.358,0.156,0.315,19
2937,M,0.625,0.515,0.165,1.217,0.667,0.2065,0.3115,10
584,F,0.41,0.305,0.1,0.363,0.1735,0.065,0.11,11
1044,M,0.69,0.525,0.175,1.7005,0.8255,0.362,0.405,8
3101,M,0.595,0.455,0.145,0.942,0.43,0.182,0.277,11
555,I,0.5,0.385,0.15,0.6265,0.2605,0.1665,0.16,10
3052,F,0.595,0.46,0.16,0.921,0.4005,0.2025,0.2875,9
3462,F,0.625,0.47,0.17,1.255,0.525,0.2415,0.405,10
3701,M,0.66,0.51,0.18,1.261,0.5,0.2335,0.339,10
1104,I,0.51,0.405,0.125,0.6795,0.3465,0.1395,0.182,8
1174,F,0.635,0.495,0.015,1.1565,0.5115,0.308,0.2885,9
177,I,0.315,0.245,0.085,0.1435,0.053,0.0475,0.05,8
2167,F,0.37,0.275,0.085,0.2405,0.104,0.0535,0.07,5
3364,M,0.33,0.245,0.085,0.171,0.0655,0.0365,0.055,11
2925,I,0.605,0.48,0.155,0.9995,0.425,0.1985,0.3,10
2320,I,0.4,0.31,0.1,0.2875,0.1145,0.0635,0.095,10
51,M,0.4,0.32,0.095,0.303,0.1335,0.06,0.1,7
2500,F,0.48,0.39,0.125,0.6905,0.219,0.155,0.2,12
803,I,0.37,0.275,0.1,0.22,0.094,0.045,0.065,7
2481,M,0.39,0.285,0.095,0.271,0.11,0.06,0.08,8
73,M,0.57,0.48,0.175,1.185,0.474,0.261,0.38,11
1800,M,0.605,0.475,0.175,1.2525,0.5575,0.3055,0.343,9
1173,M,0.63,0.5,0.175,1.2645,0.5635,0.3065,0.3425,10
2057,I,0.48,0.35,0.135,0.5465,0.2735,0.0995,0.158,8
3745,I,0.285,0.205,0.07,0.106,0.039,0.0285,0.034,5
564,F,0.47,0.355,0.13,0.5465,0.2005,0.126,0.185,14
2662,F,0.57,0.45,0.18,0.908,0.4015,0.217,0.255,9
2414,I,0.42,0.305,0.11,0.28,0.094,0.0785,0.0955,9
1113,I,0.525,0.4,0.13,0.6455,0.325,0.1245,0.17,8
3032,I,0.535,0.42,0.145,0.6885,0.273,0.1515,0.237,9
3826,F,0.68,0.52,0.185,1.541,0.5985,0.395,0.4575,10
1108,I,0.515,0.385,0.125,0.6115,0.3175,0.1265,0.15,8
402,F,0.435,0.325,0.11,0.4335,0.178,0.0985,0.155,7
3066,F,0.64,0.5,0.15,1.2015,0.559,0.231,0.3355,9
1096,I,0.475,0.35,0.1,0.4545,0.2165,0.111,0.115,7
3857,M,0.655,0.515,0.2,1.373,0.443,0.3375,0.49,16
157,M,0.645,0.485,0.215,1.514,0.546,0.2615,0.635,16
831,I,0.425,0.325,0.1,0.398,0.1185,0.0645,0.0945,6
1298,I,0.53,0.42,0.155,0.81,0.4725,0.111,0.192,10
1778,F,0.49,0.355,0.16,0.8795,0.3485,0.215,0.2825,8
494,M,0.625,0.5,0.195,1.369,0.5875,0.2185,0.37,17
52,M,0.485,0.36,0.13,0.5415,0.2595,0.096,0.16,10
3401,M,0.48,0.395,0.15,0.6815,0.2145,0.1405,0.2495,18
220,F,0.445,0.325,0.125,0.455,0.1785,0.1125,0.14,9
705,M,0.415,0.325,0.14,0.417,0.1535,0.1015,0.144,10
26,F,0.58,0.45,0.185,0.9955,0.3945,0.272,0.285,11
2941,F,0.63,0.48,0.165,1.2615,0.5505,0.277,0.3885,10
1697,M,0.63,0.485,0.165,1.233,0.6565,0.2315,0.3035,10
1220,I,0.33,0.25,0.095,0.2085,0.102,0.0395,0.052,7
461,F,0.585,0.465,0.17,0.9915,0.3865,0.224,0.265,12
214,F,0.485,0.395,0.16,0.66,0.2475,0.128,0.235,14
680,I,0.37,0.275,0.1,0.2295,0.0885,0.0465,0.07,7
3266,F,0.495,0.385,0.135,0.6625,0.3005,0.1635,0.185,11
2189,F,0.49,0.37,0.14,0.585,0.243,0.115,0.195,10
3287,M,0.55,0.46,0.13,0.7085,0.305,0.1455,0.205,12
414,F,0.605,0.495,0.17,1.2385,0.528,0.2465,0.39,14
2530,F,0.6,0.485,0.165,1.1405,0.587,0.2175,0.288,9
2501,F,0.33,0.26,0.08,0.2,0.0625,0.05,0.07,9
1175,M,0.64,0.515,0.165,1.369,0.632,0.3415,0.358,10
2378,I,0.415,0.325,0.115,0.3285,0.1405,0.051,0.106,12
764,F,0.61,0.47,0.145,1.153,0.403,0.296,0.32,14
321,I,0.19,0.145,0.04,0.038,0.0165,0.0065,0.015,4
1613,I,0.55,0.42,0.135,0.816,0.3995,0.1485,0.23,12
751,M,0.485,0.355,0.12,0.547,0.215,0.1615,0.14,10
3485,I,0.485,0.37,0.115,0.637,0.38,0.1335,0.128,7
817,I,0.35,0.27,0.09,0.2055,0.075,0.0575,0.062,6
2586,F,0.555,0.425,0.14,0.963,0.44,0.224,0.24,7
881,M,0.655,0.52,0.165,1.4095,0.586,0.291,0.405,9
2793,M,0.63,0.505,0.175,1.221,0.555,0.252,0.34,12
144,M,0.475,0.375,0.13,0.5175,0.2075,0.1165,0.17,10
857,M,0.59,0.46,0.13,1.102,0.455,0.2055,0.33,12
1152,M,0.59,0.47,0.15,0.9955,0.481,0.232,0.24,8
3035,I,0.55,0.405,0.15,0.6755,0.3015,0.1465,0.21,10
3938,F,0.35,0.275,0.065,0.205,0.0745,0.0465,0.07,10
2903,F,0.575,0.425,0.15,0.8765,0.455,0.18,0.228,8
44,I,0.21,0.15,0.05,0.042,0.0175,0.0125,0.015,4
1022,F,0.64,0.5,0.17,1.5175,0.693,0.326,0.409,11
1793,M,0.575,0.44,0.185,1.025,0.5075,0.2245,0.2485,10
354,M,0.635,0.515,0.17,1.275,0.509,0.286,0.34,16
3761,M,0.53,0.42,0.135,0.675,0.294,0.156,0.1825,10
3355,I,0.435,0.34,0.11,0.407,0.1685,0.073,0.13,10
2951,M,0.64,0.575,0.175,1.4585,0.625,0.266,0.4395,11
3116,M,0.465,0.405,0.135,0.7775,0.436,0.1715,0.1455,10
1216,I,0.31,0.225,0.07,0.1055,0.435,0.015,0.04,5
4155,I,0.44,0.35,0.11,0.3805,0.1575,0.0895,0.115,6
605,I,0.425,0.345,0.125,0.425,0.16,0.0795,0.154,13
3590,F,0.65,0.52,0.195,1.6275,0.689,0.3905,0.432,11
256,M,0.56,0.45,0.185,1.07,0.3805,0.175,0.41,19
3453,F,0.555,0.42,0.11,0.931,0.4445,0.171,0.225,8
3026,I,0.495,0.375,0.115,0.507,0.241,0.103,0.15,8
1674,M,0.61,0.47,0.17,1.1185,0.5225,0.2405,0.31,9
718,I,0.18,0.125,0.035,0.0265,0.0095,0.0055,0.0085,4
3319,F,0.705,0.555,0.2,1.4685,0.4715,0.3235,0.52,19
809,F,0.52,0.41,0.115,0.807,0.2855,0.179,0.235,12
2632,I,0.415,0.315,0.1,0.3645,0.1765,0.0795,0.095,8
291,F,0.565,0.505,0.21,1.2765,0.501,0.279,0.355,12
3685,M,0.62,0.48,0.165,1.0855,0.481,0.2575,0.305,10
4116,M,0.625,0.48,0.16,1.2415,0.6575,0.2625,0.2785,9
1522,M,0.68,0.515,0.17,1.6115,0.8415,0.306,0.395,11
2010,I,0.435,0.325,0.12,0.346,0.159,0.084,0.095,7
263,I,0.245,0.195,0.06,0.095,0.0445,0.0245,0.026,4
1477,M,0.57,0.445,0.15,0.9875,0.504,0.207,0.249,8
1860,I,0.515,0.42,0.15,0.6725,0.2555,0.1335,0.235,10
2342,I,0.255,0.185,0.07,0.075,0.028,0.018,0.025,6
2633,I,0.425,0.33,0.115,0.3265,0.1315,0.077,0.103,6
56,M,0.445,0.35,0.12,0.4425,0.192,0.0955,0.135,8
976,M,0.53,0.405,0.125,0.6515,0.2715,0.1605,0.186,7
1187,M,0.685,0.52,0.165,1.519,0.699,0.3685,0.4,10
2067,F,0.54,0.42,0.13,0.7505,0.368,0.1675,0.1845,9
2819,I,0.375,0.265,0.095,0.196,0.085,0.042,0.0585,5
3778,I,0.59,0.45,0.125,0.86,0.437,0.1515,0.245,9
2223,F,0.555,0.455,0.18,0.958,0.296,0.195,0.39,14
2031,F,0.6,0.45,0.14,0.837,0.37,0.177,0.2425,10
2323,I,0.395,0.325,0.105,0.306,0.111,0.0735,0.095,8
3433,I,0.365,0.27,0.105,0.2155,0.0915,0.0475,0.063,6
1491,F,0.605,0.515,0.17,1.289,0.6,0.2945,0.3315,9
2718,I,0.355,0.255,0.08,0.187,0.078,0.0505,0.058,7
3225,I,0.44,0.35,0.12,0.375,0.1425,0.0965,0.115,9
2044,F,0.4,0.305,0.16,0.368,0.173,0.0705,0.105,7
12,M,0.49,0.38,0.135,0.5415,0.2175,0.095,0.19,11
1454,I,0.47,0.355,0.12,0.3685,0.126,0.0835,0.1365,6
322,M,0.385,0.31,0.1,0.2845,0.1065,0.075,0.1,11
1894,M,0.57,0.46,0.155,1.0005,0.454,0.205,0.265,11
3539,I,0.435,0.34,0.12,0.396,0.1775,0.081,0.125,8
1813,F,0.655,0.52,0.2,1.5475,0.713,0.314,0.466,9
2138,F,0.57,0.465,0.18,0.9995,0.405,0.277,0.295,16
3291,M,0.53,0.405,0.13,0.738,0.2845,0.17,0.193,9
3630,I,0.285,0.225,0.07,0.1005,0.0425,0.0185,0.035,7
2584,M,0.54,0.435,0.14,0.7345,0.33,0.1595,0.213,9
4004,M,0.52,0.395,0.125,0.5815,0.2565,0.1265,0.17,10
2732,I,0.41,0.325,0.11,0.326,0.1325,0.075,0.101,8
2440,M,0.465,0.355,0.125,0.5255,0.2025,0.135,0.145,13
3544,I,0.475,0.355,0.125,0.4865,0.2155,0.1105,0.142,9
1293,I,0.52,0.4,0.13,0.5825,0.233,0.1365,0.18,10
1718,M,0.65,0.505,0.19,1.274,0.59,0.23,0.391,11
2437,I,0.335,0.24,0.095,0.17,0.062,0.039,0.055,9
416,F,0.63,0.5,0.17,1.3135,0.5595,0.267,0.4,20
2290,I,0.325,0.27,0.1,0.185,0.08,0.0435,0.065,6
227,I,0.365,0.27,0.085,0.205,0.078,0.0485,0.07,7
932,I,0.445,0.35,0.13,0.4195,0.1695,0.0945,0.1195,7
2736,I,0.43,0.34,0.11,0.3645,0.159,0.0855,0.105,7
2423,F,0.41,0.315,0.11,0.321,0.1255,0.0655,0.095,10
1242,I,0.385,0.29,0.09,0.2615,0.111,0.0595,0.0745,9
3166,F,0.64,0.54,0.175,1.571,0.627,0.271,0.475,18
811,F,0.49,0.365,0.13,0.6835,0.165,0.1315,0.205,21
3721,M,0.43,0.31,0.13,0.6485,0.2735,0.163,0.184,9
183,F,0.62,0.475,0.175,1.0165,0.4355,0.214,0.325,10
3350,I,0.445,0.345,0.13,0.4075,0.1365,0.0645,0.18,11
3248,M,0.595,0.5,0.165,1.06,0.402,0.28,0.275,11
486,M,0.55,0.45,0.13,0.92,0.378,0.2385,0.29,11
3185,F,0.59,0.415,0.15,0.8805,0.3645,0.234,0.235,11
3047,M,0.59,0.435,0.165,0.9765,0.4525,0.2395,0.235,9
139,M,0.375,0.285,0.095,0.253,0.096,0.0575,0.0925,9
693,M,0.38,0.29,0.12,0.283,0.1175,0.0655,0.085,9
266,M,0.52,0.45,0.15,0.895,0.3615,0.186,0.235,14
2722,I,0.375,0.275,0.095,0.2295,0.095,0.0545,0.066,7
3416,M,0.56,0.45,0.14,0.9,0.472,0.182,0.218,7
63,M,0.425,0.325,0.095,0.3785,0.1705,0.08,0.1,7
1189,M,0.69,0.53,0.21,1.583,0.7355,0.405,0.3865,12
3159,F,0.34,0.255,0.085,0.204,0.097,0.021,0.05,6
3904,M,0.575,0.47,0.165,0.853,0.292,0.179,0.35,16
2425,I,0.575,0.45,0.17,0.9315,0.358,0.2145,0.26,13
2334,F,0.8,0.63,0.195,2.526,0.933,0.59,0.62,23
3463,M,0.625,0.485,0.17,1.437,0.5855,0.293,0.475,11
3854,F,0.485,0.4,0.155,0.731,0.236,0.183,0.255,11
3848,F,0.675,0.535,0.22,1.604,0.6175,0.4255,0.453,14
1064,I,0.3,0.22,0.08,0.1255,0.055,0.0265,0.039,6
3077,M,0.685,0.51,0.165,1.545,0.686,0.3775,0.4055,10
3726,I,0.5,0.395,0.145,0.7865,0.332,0.1815,0.2455,8
2015,I,0.475,0.365,0.12,0.5185,0.268,0.1095,0.1365,8
2244,I,0.355,0.28,0.1,0.2275,0.0935,0.0455,0.085,11
1055,I,0.195,0.135,0.04,0.0325,0.0135,0.005,0.0095,4
279,F,0.515,0.425,0.135,0.712,0.2665,0.1605,0.25,11
3764,I,0.535,0.4,0.145,0.705,0.3065,0.1365,0.22,10
3290,F,0.51,0.395,0.12,0.6175,0.262,0.122,0.193,12
3326,I,0.55,0.415,0.135,0.8095,0.2985,0.2015,0.28,12
358,M,0.745,0.585,0.215,2.499,0.9265,0.472,0.7,17
3746,I,0.36,0.265,0.085,0.1865,0.0675,0.037,0.0615,7
299,M,0.37,0.28,0.105,0.234,0.0905,0.0585,0.075,9
3686,F,0.625,0.485,0.135,1.3025,0.61,0.2675,0.3605,14
3751,I,0.45,0.335,0.115,0.3935,0.195,0.071,0.11,7
2073,F,0.58,0.435,0.15,0.839,0.3485,0.207,0.192,7
1444,I,0.425,0.34,0.105,0.389,0.2015,0.0905,0.088,6
1295,I,0.525,0.4,0.125,0.6965,0.369,0.1385,0.164,9
1159,M,0.605,0.48,0.17,1.1835,0.582,0.2365,0.317,10
415,F,0.62,0.47,0.14,1.0325,0.3605,0.224,0.36,15
1815,F,0.665,0.515,0.185,1.3405,0.5595,0.293,0.4375,11
1128,F,0.56,0.44,0.155,0.6405,0.336,0.1765,0.245,8
790,F,0.57,0.465,0.16,0.8935,0.3145,0.2575,0.263,10
3154,M,0.54,0.41,0.13,0.56,0.2375,0.1065,0.175,7
2647,I,0.5,0.39,0.125,0.583,0.294,0.132,0.1605,8
1743,M,0.685,0.52,0.15,1.3735,0.7185,0.293,0.32,11
3847,M,0.445,0.37,0.125,0.515,0.2495,0.087,0.159,9
2496,F,0.52,0.4,0.13,0.6245,0.215,0.2065,0.17,15
4147,M,0.695,0.55,0.195,1.6645,0.727,0.36,0.445,11
4074,I,0.52,0.4,0.14,0.622,0.278,0.1455,0.169,8
1413,M,0.675,0.545,0.185,1.7375,0.876,0.3135,0.469,13
802,M,0.425,0.33,0.13,0.4405,0.152,0.0935,0.155,9
1971,F,0.675,0.51,0.185,1.473,0.6295,0.3025,0.4245,11
2185,M,0.445,0.34,0.12,0.4475,0.193,0.1035,0.13,9
2506,I,0.375,0.3,0.075,0.144,0.059,0.03,0.044,7
58,I,0.245,0.19,0.06,0.086,0.042,0.014,0.025,4
76,M,0.595,0.475,0.14,0.944,0.3625,0.189,0.315,9
368,M,0.63,0.49,0.18,1.13,0.458,0.2765,0.315,12
1110,I,0.52,0.38,0.135,0.5395,0.2295,0.133,0.157,8
1032,M,0.65,0.52,0.21,1.6785,0.6665,0.308,0.46,11
3653,I,0.53,0.425,0.13,0.781,0.3905,0.2005,0.215,9
3860,F,0.55,0.465,0.15,1.082,0.3575,0.194,0.19,14
1760,F,0.75,0.565,0.215,1.938,0.7735,0.4825,0.575,11
3082,F,0.755,0.575,0.2,2.073,1.0135,0.4655,0.48,11
1073,I,0.405,0.3,0.11,0.32,0.172,0.044,0.093,7
897,I,0.265,0.195,0.06,0.092,0.0345,0.025,0.0245,6
2155,M,0.58,0.46,0.165,1.2275,0.473,0.1965,0.435,16
3683,M,0.62,0.525,0.155,1.085,0.454,0.1965,0.35,10
2700,M,0.67,0.51,0.18,1.68,0.926,0.2975,0.3935,13
2550,I,0.28,0.22,0.08,0.1315,0.066,0.024,0.03,5
124,I,0.36,0.28,0.08,0.1755,0.081,0.0505,0.07,6
869,M,0.615,0.51,0.15,1.296,0.545,0.3315,0.32,9
761,F,0.55,0.44,0.155,0.946,0.313,0.1825,0.335,16
1501,M,0.63,0.455,0.15,1.1315,0.481,0.2745,0.305,9
2417,M,0.31,0.235,0.06,0.12,0.0415,0.033,0.04,11
2356,M,0.575,0.47,0.15,1.1415,0.4515,0.204,0.4,13
429,F,0.575,0.45,0.17,1.0475,0.3775,0.1705,0.385,18
1612,I,0.55,0.425,0.15,0.639,0.269,0.1345,0.217,9
665,F,0.395,0.295,0.095,0.2245,0.078,0.054,0.08,10
810,M,0.505,0.405,0.14,0.875,0.2665,0.174,0.285,12
2319,F,0.505,0.395,0.145,0.6515,0.2695,0.153,0.205,15
2380,M,0.175,0.135,0.04,0.0305,0.011,0.0075,0.01,5
442,F,0.505,0.425,0.14,0.85,0.275,0.1625,0.285,19
829,I,0.415,0.32,0.11,0.3735,0.175,0.0755,0.109,7
2582,M,0.53,0.41,0.14,0.681,0.3095,0.1415,0.1835,6
433,M,0.545,0.42,0.14,0.7505,0.2475,0.13,0.255,22
1563,I,0.455,0.36,0.115,0.457,0.2085,0.0855,0.147,10
387,M,0.46,0.38,0.135,0.482,0.207,0.1225,0.145,10
30,M,0.58,0.47,0.165,0.9975,0.3935,0.242,0.33,10
1116,I,0.525,0.395,0.12,0.608,0.297,0.1395,0.1405,8
203,F,0.53,0.435,0.17,0.8155,0.2985,0.155,0.275,13
2810,M,0.72,0.55,0.205,2.165,1.1055,0.525,0.404,10
1161,M,0.61,0.485,0.16,1.0145,0.5315,0.212,0.2415,8
4098,F,0.65,0.495,0.16,1.3105,0.577,0.3315,0.355,9
2856,F,0.655,0.515,0.17,1.527,0.8485,0.2635,0.331,11
1532,I,0.285,0.21,0.055,0.101,0.0415,0.017,0.0335,5
1580,I,0.5,0.4,0.12,0.616,0.261,0.143,0.1935,8
3961,M,0.695,0.55,0.205,2.173,1.133,0.4665,0.496,10
2836,M,0.58,0.445,0.16,0.984,0.49,0.201,0.27,9
478,M,0.735,0.59,0.225,1.756,0.637,0.3405,0.58,21
2019,I,0.51,0.455,0.135,0.6855,0.2875,0.154,0.2035,9
1268,I,0.465,0.34,0.11,0.346,0.1425,0.073,0.113,11
443,I,0.395,0.295,0.1,0.2715,0.134,0.0325,0.085,10
2282,F,0.495,0.385,0.13,0.6905,0.3125,0.179,0.175,10
2953,F,0.645,0.52,0.17,1.197,0.526,0.2925,0.317,11
1638,I,0.575,0.445,0.17,0.8015,0.3475,0.1465,0.25,9
3624,F,0.665,0.5,0.175,1.4355,0.643,0.345,0.37,9
192,M,0.58,0.45,0.15,0.927,0.276,0.1815,0.36,14
567,I,0.435,0.33,0.125,0.406,0.1685,0.1055,0.096,12
1412,F,0.67,0.505,0.175,1.0145,0.4375,0.271,0.3745,10
3274,F,0.5,0.405,0.14,0.6735,0.265,0.124,0.25,18
6,F,0.53,0.415,0.15,0.7775,0.237,0.1415,0.33,20
3353,I,0.475,0.365,0.14,0.4545,0.171,0.118,0.158,8
439,M,0.5,0.415,0.165,0.6885,0.249,0.138,0.25,13
289,F,0.535,0.435,0.16,0.8105,0.3155,0.1795,0.24,10
1146,M,0.58,0.445,0.135,0.814,0.3775,0.1915,0.22,9
864,M,0.6,0.495,0.175,1.29,0.606,0.276,0.3445,11
1025,M,0.645,0.52,0.175,1.636,0.779,0.342,0.432,11
4082,I,0.565,0.465,0.15,1.1815,0.581,0.2215,0.3095,9
1233,I,0.37,0.28,0.085,0.217,0.1095,0.035,0.062,6
3642,I,0.465,0.355,0.12,0.4975,0.2375,0.099,0.14,8
3609,F,0.555,0.405,0.12,0.913,0.4585,0.196,0.2065,9
2812,I,0.24,0.17,0.05,0.0545,0.0205,0.016,0.0155,5
1406,F,0.655,0.52,0.19,1.4545,0.6,0.3865,0.383,10
1874,I,0.535,0.455,0.14,1.0015,0.53,0.1765,0.244,9
1615,I,0.55,0.425,0.15,0.7665,0.339,0.176,0.21,8
2627,I,0.275,0.205,0.07,0.1055,0.495,0.019,0.0315,5
1052,M,0.765,0.6,0.22,2.302,1.007,0.509,0.6205,12
194,F,0.51,0.4,0.14,0.8145,0.459,0.1965,0.195,10
450,M,0.725,0.565,0.215,1.891,0.6975,0.4725,0.58,16
1779,M,0.5,0.37,0.15,1.0615,0.494,0.223,0.296,9
2677,F,0.615,0.475,0.17,1.055,0.543,0.246,0.2345,9
29,M,0.575,0.425,0.14,0.8635,0.393,0.227,0.2,11
3466,M,0.64,0.5,0.17,1.4545,0.642,0.3575,0.354,9
4088,M,0.6,0.47,0.13,1.0105,0.423,0.219,0.298,9
1106,I,0.51,0.4,0.125,0.5575,0.2615,0.1195,0.1525,9
2789,F,0.62,0.465,0.14,1.1605,0.6005,0.2195,0.307,9
3785,M,0.625,0.495,0.155,1.177,0.5055,0.278,0.345,9
4174,M,0.6,0.475,0.205,1.176,0.5255,0.2875,0.308,9
3689,F,0.63,0.505,0.195,1.306,0.516,0.3305,0.375,9
3923,M,0.395,0.28,0.08,0.266,0.0995,0.066,0.09,12
912,I,0.345,0.265,0.1,0.2455,0.111,0.0535,0.065,7
1231,I,0.365,0.265,0.085,0.213,0.0945,0.049,0.06,7
3935,M,0.52,0.41,0.115,0.77,0.263,0.157,0.26,11
3639,I,0.44,0.32,0.095,0.3275,0.1495,0.059,0.1,8
2592,M,0.59,0.465,0.14,1.046,0.4695,0.263,0.263,7
3564,I,0.575,0.44,0.125,0.8515,0.4555,0.1715,0.1965,9
222,F,0.49,0.375,0.15,0.5755,0.22,0.144,0.19,9
812,I,0.235,0.175,0.055,0.067,0.027,0.0125,0.018,6
4019,M,0.66,0.515,0.155,1.4415,0.7055,0.3555,0.335,10
573,F,0.57,0.44,0.14,0.9535,0.3785,0.201,0.305,17
1163,M,0.61,0.47,0.165,1.052,0.498,0.242,0.267,9
3602,I,0.395,0.3,0.09,0.2855,0.1385,0.0625,0.077,5
1741,M,0.68,0.52,0.195,1.4535,0.592,0.391,0.4125,10
1426,F,0.745,0.57,0.215,2.25,1.1565,0.446,0.558,9
3529,I,0.36,0.265,0.075,0.1785,0.0785,0.035,0.054,6
2498,M,0.495,0.4,0.14,0.7775,0.2015,0.18,0.25,15
80,F,0.575,0.445,0.14,0.941,0.3845,0.252,0.285,9
257,M,0.545,0.46,0.16,0.8975,0.341,0.1655,0.345,10
295,I,0.295,0.215,0.085,0.128,0.049,0.034,0.04,6
1502,M,0.63,0.48,0.15,1.271,0.6605,0.2425,0.31,11
2579,M,0.525,0.415,0.135,0.7945,0.394,0.189,0.202,7
1727,M,0.66,0.53,0.195,1.5505,0.6505,0.3295,0.495,10
903,I,0.315,0.235,0.075,0.1485,0.0585,0.0375,0.0425,6
2698,F,0.665,0.505,0.165,1.349,0.5985,0.3175,0.36,9
2260,M,0.55,0.46,0.175,0.869,0.3155,0.1825,0.32,10
3182,M,0.645,0.505,0.165,1.307,0.4335,0.262,0.52,10
4020,F,0.68,0.55,0.175,1.473,0.713,0.282,0.4295,11
1123,F,0.55,0.415,0.135,0.8145,0.427,0.1855,0.175,8
889,F,0.685,0.54,0.16,1.6675,0.833,0.3775,0.475,11
1255,I,0.425,0.32,0.1,0.3055,0.126,0.06,0.106,7
376,M,0.63,0.49,0.19,1.1775,0.4935,0.3365,0.285,11
999,F,0.595,0.47,0.155,1.121,0.4515,0.178,0.155,11
3042,I,0.575,0.43,0.13,0.7425,0.2895,0.2005,0.22,8
3780,M,0.615,0.48,0.185,1.2205,0.4985,0.315,0.33,10
2668,F,0.585,0.435,0.14,0.6955,0.3085,0.129,0.2245,8
3734,M,0.615,0.505,0.165,1.167,0.4895,0.2955,0.345,10
449,F,0.565,0.455,0.15,0.8205,0.365,0.159,0.26,18
1351,F,0.595,0.465,0.155,1.026,0.4645,0.112,0.305,12
2887,I,0.51,0.4,0.145,0.5775,0.231,0.143,0.177,9
1047,F,0.705,0.535,0.18,1.685,0.693,0.42,0.4045,12
654,F,0.37,0.28,0.11,0.2305,0.0945,0.0465,0.075,10
2873,I,0.41,0.305,0.095,0.2625,0.1,0.0515,0.09,6
2770,F,0.57,0.445,0.155,1.017,0.5265,0.2025,0.265,10
805,M,0.405,0.305,0.12,0.3185,0.1235,0.0905,0.095,7
736,M,0.52,0.385,0.115,0.669,0.2385,0.172,0.205,12
1451,I,0.46,0.355,0.11,0.436,0.1975,0.096,0.125,8
2347,M,0.505,0.4,0.13,0.764,0.3035,0.189,0.2175,11
411,M,0.585,0.475,0.12,0.945,0.41,0.2115,0.28,14
1988,I,0.21,0.15,0.055,0.0465,0.017,0.012,0.015,5
2879,I,0.47,0.385,0.13,0.587,0.264,0.117,0.174,8
1398,M,0.645,0.525,0.16,1.5075,0.7455,0.245,0.4325,11
1330,F,0.57,0.46,0.135,0.9795,0.397,0.2525,0.2655,9
2177,F,0.58,0.45,0.235,1.071,0.3,0.206,0.395,14
3200,F,0.505,0.405,0.16,0.6835,0.271,0.145,0.215,10
3697,M,0.65,0.51,0.175,1.155,0.4955,0.2025,0.385,12
3329,F,0.545,0.435,0.15,0.6855,0.2905,0.145,0.225,10
657,F,0.615,0.515,0.17,1.14,0.4305,0.2245,0.42,16
1904,F,0.575,0.465,0.175,1.099,0.4735,0.202,0.35,9
2406,F,0.58,0.46,0.185,1.017,0.3515,0.2,0.32,10
2641,I,0.475,0.365,0.1,0.1315,0.2025,0.0875,0.123,7
915,I,0.375,0.28,0.09,0.215,0.084,0.06,0.055,6
1006,M,0.605,0.47,0.165,1.2315,0.6025,0.262,0.2925,11
2114,I,0.13,0.095,0.035,0.0105,0.005,0.0065,0.0035,4
910,I,0.34,0.25,0.075,0.1785,0.0665,0.0455,0.045,5
152,F,0.635,0.515,0.19,1.3715,0.5065,0.305,0.45,10
1807,M,0.635,0.495,0.195,1.172,0.445,0.3115,0.3475,11
1808,F,0.635,0.475,0.15,1.1845,0.533,0.307,0.291,10
1723,F,0.655,0.505,0.19,1.3485,0.5935,0.2745,0.425,12
102,M,0.53,0.435,0.16,0.883,0.316,0.164,0.335,15
1186,F,0.685,0.54,0.215,1.7025,0.664,0.3655,0.4735,14
2269,M,0.57,0.45,0.16,0.8615,0.3725,0.2175,0.255,12
239,I,0.16,0.12,0.035,0.021,0.0075,0.0045,0.005,5
2805,F,0.66,0.525,0.2,1.463,0.6525,0.2995,0.422,11
2716,I,0.34,0.245,0.085,0.2015,0.1005,0.038,0.053,6
108,F,0.51,0.39,0.135,0.6335,0.231,0.179,0.2,9
3557,I,0.54,0.41,0.135,0.7025,0.31,0.177,0.2,8
4120,M,0.35,0.265,0.09,0.197,0.073,0.0365,0.077,7
2458,I,0.2,0.145,0.05,0.036,0.0125,0.008,0.011,4
1315,I,0.55,0.425,0.135,0.7305,0.3325,0.1545,0.215,9
1967,M,0.665,0.515,0.2,1.2695,0.5115,0.2675,0.436,12
3518,M,0.71,0.57,0.195,1.348,0.8985,0.4435,0.4535,11
3519,M,0.715,0.545,0.18,1.7405,0.871,0.347,0.449,10
2706,F,0.725,0.53,0.19,1.7315,0.83,0.398,0.405,11
3740,F,0.65,0.5,0.17,1.4045,0.694,0.318,0.3235,11
3400,M,0.53,0.43,0.135,0.879,0.28,0.2165,0.25,10
332,I,0.3,0.22,0.08,0.121,0.0475,0.042,0.035,5
2366,M,0.695,0.57,0.23,1.885,0.8665,0.435,0.5,19
2522,M,0.545,0.45,0.15,0.8795,0.387,0.15,0.2625,11
3468,F,0.665,0.52,0.165,1.6885,0.7295,0.407,0.4265,11
2270,F,0.6,0.475,0.18,1.162,0.511,0.2675,0.32,18
1564,I,0.46,0.35,0.11,0.4,0.176,0.083,0.1205,7
4069,I,0.455,0.335,0.105,0.4055,0.175,0.092,0.1185,8
1647,F,0.585,0.445,0.14,0.913,0.4305,0.2205,0.253,10
2833,F,0.54,0.415,0.15,0.8115,0.3875,0.1875,0.2035,9
1178,F,0.65,0.5,0.19,1.464,0.6415,0.339,0.4245,9
1334,F,0.575,0.42,0.135,0.857,0.461,0.147,0.2125,10
2420,M,0.35,0.255,0.085,0.2145,0.1,0.0465,0.06,13
1536,I,0.335,0.255,0.08,0.168,0.079,0.0355,0.05,5
2172,I,0.215,0.15,0.03,0.0385,0.0115,0.005,0.01,5
816,I,0.335,0.25,0.08,0.183,0.0735,0.04,0.0575,6
3817,M,0.475,0.385,0.12,0.562,0.289,0.0905,0.153,8
2478,F,0.47,0.355,0.18,0.441,0.1525,0.1165,0.135,8
776,M,0.505,0.385,0.145,0.6775,0.236,0.179,0.2,15
3093,F,0.52,0.43,0.15,0.728,0.302,0.1575,0.235,11
1651,F,0.595,0.435,0.15,0.9,0.4175,0.17,0.265,8
2897,I,0.545,0.43,0.15,0.742,0.3525,0.158,0.208,10
3953,I,0.465,0.355,0.12,0.5805,0.255,0.0915,0.184,8
1830,I,0.365,0.275,0.085,0.223,0.098,0.0375,0.075,7
4038,I,0.55,0.445,0.125,0.672,0.288,0.1365,0.21,11
1272,I,0.475,0.355,0.1,0.5035,0.2535,0.091,0.14,8
3384,F,0.305,0.225,0.07,0.1485,0.0585,0.0335,0.045,7
3160,I,0.275,0.2,0.065,0.1165,0.0565,0.013,0.035,7
3894,M,0.495,0.38,0.135,0.6295,0.263,0.1425,0.215,12
1288,I,0.505,0.38,0.12,0.594,0.2595,0.1435,0.18,7
3863,F,0.655,0.5,0.18,1.4155,0.508,0.314,0.445,18
554,I,0.485,0.39,0.125,0.591,0.287,0.141,0.12,9
1871,I,0.53,0.43,0.16,0.7245,0.321,0.1275,0.24,9
1074,I,0.41,0.3,0.1,0.282,0.1255,0.057,0.0875,7
2525,M,0.59,0.455,0.16,1.09,0.5,0.2215,0.292,9
4113,I,0.56,0.42,0.14,0.837,0.414,0.214,0.2,8
1618,I,0.555,0.46,0.145,0.9005,0.3845,0.158,0.2765,11
3410,I,0.415,0.31,0.105,0.3595,0.167,0.083,0.0915,6
3532,I,0.38,0.285,0.09,0.2305,0.1005,0.039,0.0775,7
3391,M,0.545,0.42,0.125,0.9745,0.353,0.174,0.305,13
3577,M,0.6,0.475,0.23,1.157,0.522,0.2235,0.36,11
1756,F,0.725,0.565,0.21,2.1425,1.03,0.487,0.503,14
1777,I,0.485,0.345,0.16,0.869,0.3085,0.185,0.319,9
2256,M,0.52,0.38,0.135,0.5825,0.2505,0.1565,0.175,8
3016,I,0.435,0.335,0.105,0.3535,0.156,0.05,0.1135,7
1805,M,0.625,0.495,0.175,1.254,0.5815,0.286,0.3185,9
752,F,0.605,0.46,0.17,1.122,0.347,0.3045,0.315,13
2339,M,0.64,0.52,0.2,1.407,0.566,0.304,0.455,17
3181,M,0.5,0.385,0.135,0.551,0.2245,0.0715,0.206,11
1882,M,0.555,0.435,0.14,0.7495,0.341,0.1645,0.214,8
1391,F,0.635,0.495,0.175,1.211,0.707,0.2725,0.323,9
3365,I,0.44,0.31,0.115,0.3625,0.134,0.082,0.12,11
4107,I,0.42,0.305,0.1,0.3415,0.1645,0.0775,0.086,7
4042,F,0.575,0.46,0.165,0.9575,0.4815,0.1945,0.236,10
2952,F,0.645,0.485,0.15,1.151,0.5935,0.2315,0.293,12
3673,F,0.595,0.46,0.155,1.0455,0.4565,0.24,0.3085,10
729,F,0.52,0.4,0.12,0.6515,0.261,0.2015,0.165,15
2994,M,0.61,0.475,0.175,1.024,0.409,0.261,0.322,9
2768,I,0.56,0.435,0.135,0.72,0.329,0.103,0.251,11
2828,M,0.52,0.4,0.105,0.872,0.4515,0.1615,0.1985,9
721,M,0.555,0.455,0.16,1.0575,0.3925,0.228,0.293,13
2037,I,0.27,0.195,0.065,0.1065,0.0475,0.0225,0.0285,5
3366,M,0.28,0.21,0.065,0.0905,0.035,0.02,0.03,5
1740,F,0.675,0.51,0.195,1.382,0.6045,0.3175,0.3965,10
2171,I,0.19,0.13,0.03,0.0295,0.0155,0.015,0.01,6
2222,F,0.625,0.525,0.195,1.352,0.4505,0.2445,0.53,13
3231,M,0.41,0.325,0.12,0.3745,0.158,0.081,0.125,12
1754,M,0.72,0.55,0.205,2.125,1.1455,0.4425,0.511,13
346,F,0.525,0.42,0.16,0.756,0.2745,0.173,0.275,9
3221,M,0.385,0.305,0.09,0.2775,0.109,0.0515,0.1,9
3489,F,0.53,0.42,0.14,0.627,0.2905,0.1165,0.183,8
1228,I,0.36,0.27,0.085,0.196,0.0875,0.035,0.064,4
3706,F,0.675,0.535,0.185,1.5575,0.7035,0.402,0.4,11
578,I,0.58,0.445,0.15,0.8865,0.383,0.209,0.255,11
3494,F,0.555,0.43,0.135,0.812,0.4055,0.163,0.2215,9
2973,M,0.735,0.59,0.205,2.087,0.909,0.474,0.625,12
2801,M,0.64,0.515,0.08,1.042,0.515,0.1755,0.175,10
1507,F,0.645,0.515,0.175,1.546,0.7035,0.365,0.415,10
2650,I,0.51,0.395,0.155,0.5395,0.2465,0.1085,0.167,8
2682,M,0.62,0.48,0.15,1.1015,0.4965,0.243,0.305,10
2743,I,0.475,0.355,0.115,0.5195,0.279,0.088,0.1325,7
1361,F,0.605,0.475,0.175,1.076,0.463,0.2195,0.335,9
178,I,0.225,0.16,0.045,0.0465,0.025,0.015,0.015,4
668,M,0.55,0.425,0.155,0.9175,0.2775,0.243,0.335,13
3760,M,0.53,0.425,0.13,0.702,0.2975,0.1395,0.22,9
787,M,0.495,0.385,0.135,0.709,0.211,0.1375,0.262,12
1027,F,0.645,0.505,0.165,1.4325,0.684,0.308,0.336,8
818,I,0.35,0.25,0.07,0.18,0.0655,0.048,0.054,6
3553,I,0.53,0.405,0.13,0.6615,0.2945,0.1395,0.19,9
1515,M,0.655,0.51,0.215,1.7835,0.8885,0.4095,0.4195,11
2227,I,0.275,0.2,0.075,0.086,0.0305,0.019,0.03,7
604,I,0.515,0.39,0.14,0.5555,0.2,0.1135,0.2235,12
3716,I,0.235,0.13,0.075,0.1585,0.0685,0.037,0.0465,5
25,F,0.56,0.44,0.14,0.9285,0.3825,0.188,0.3,11
4047,M,0.62,0.485,0.145,1.003,0.4655,0.2195,0.28,11
2554,I,0.34,0.265,0.07,0.185,0.0625,0.0395,0.07,7
2970,M,0.69,0.515,0.18,1.8445,0.9815,0.4655,0.341,13
1130,M,0.565,0.455,0.15,0.9595,0.4565,0.2395,0.23,9
173,F,0.52,0.405,0.115,0.776,0.32,0.1845,0.22,8
1336,M,0.575,0.46,0.155,0.892,0.4415,0.176,0.22,10
3253,I,0.43,0.35,0.105,0.366,0.1705,0.0855,0.11,6
331,F,0.4,0.325,0.12,0.3185,0.134,0.0565,0.095,8
2935,M,0.62,0.475,0.195,1.3585,0.5935,0.3365,0.3745,10
430,F,0.57,0.45,0.175,0.9555,0.38,0.1665,0.295,18
2025,F,0.55,0.47,0.15,0.9205,0.381,0.2435,0.2675,10
2153,I,0.28,0.2,0.075,0.1225,0.0545,0.0115,0.035,5
1138,M,0.575,0.435,0.14,0.8455,0.401,0.191,0.222,9
2512,M,0.465,0.375,0.11,0.5,0.21,0.113,0.1505,8
479,M,0.66,0.545,0.185,1.32,0.5305,0.2635,0.455,16
727,F,0.48,0.375,0.105,0.525,0.2185,0.1195,0.155,12
1684,I,0.62,0.47,0.14,0.8565,0.3595,0.16,0.295,9
2024,M,0.545,0.44,0.14,0.8395,0.356,0.1905,0.2385,11
3861,F,0.63,0.475,0.175,1.423,0.4155,0.3385,0.49,14
2769,I,0.565,0.43,0.15,0.8215,0.332,0.1685,0.29,11
3736,M,0.625,0.48,0.18,1.223,0.565,0.2975,0.3375,10
3841,M,0.5,0.42,0.125,0.62,0.255,0.15,0.205,11
3712,F,0.705,0.53,0.17,1.564,0.612,0.394,0.44,10
3987,F,0.655,0.545,0.185,1.759,0.6865,0.313,0.547,11
2348,M,0.525,0.43,0.165,0.8645,0.376,0.1945,0.2515,16
3550,M,0.505,0.39,0.115,0.5585,0.2575,0.119,0.1535,8
3862,M,0.475,0.37,0.125,0.655,0.266,0.1725,0.185,10
324,M,0.335,0.265,0.105,0.222,0.0935,0.056,0.075,7
1437,I,0.4,0.29,0.11,0.329,0.188,0.0455,0.0825,6
2715,I,0.335,0.25,0.08,0.167,0.0675,0.0325,0.0575,6
468,F,0.68,0.55,0.21,1.7445,0.5975,0.305,0.625,17
561,I,0.515,0.4,0.12,0.659,0.2705,0.179,0.17,13
1991,I,0.285,0.215,0.06,0.0935,0.031,0.023,0.03,6
2753,I,0.515,0.39,0.11,0.531,0.2415,0.098,0.1615,8
1940,F,0.625,0.52,0.18,1.354,0.4845,0.351,0.375,11
2212,F,0.595,0.495,0.235,1.366,0.5065,0.219,0.52,13
3768,M,0.56,0.465,0.145,0.8875,0.3345,0.22,0.2695,9
3306,I,0.41,0.3,0.115,0.2595,0.097,0.0515,0.08,10
2962,I,0.67,0.485,0.175,1.2565,0.5355,0.322,0.386,9
3310,F,0.62,0.485,0.165,1.166,0.483,0.238,0.355,13
61,M,0.505,0.405,0.11,0.625,0.305,0.16,0.175,9
2552,I,0.31,0.225,0.075,0.155,0.065,0.037,0.0365,6
2570,I,0.465,0.355,0.11,0.474,0.23,0.1005,0.12,7
2221,M,0.58,0.465,0.175,1.035,0.401,0.1865,0.385,17
254,M,0.6,0.495,0.165,1.2415,0.485,0.2775,0.34,15
2865,I,0.315,0.235,0.075,0.1285,0.051,0.028,0.0405,4
3586,I,0.63,0.465,0.15,1.0315,0.4265,0.24,0.325,11
2096,M,0.5,0.39,0.145,0.651,0.273,0.132,0.22,11
3555,M,0.535,0.415,0.135,0.78,0.3165,0.169,0.2365,8
2018,M,0.505,0.385,0.115,0.4825,0.21,0.1035,0.1535,10
3597,M,0.685,0.53,0.17,1.56,0.647,0.383,0.465,11
3527,I,0.35,0.26,0.09,0.1765,0.072,0.0355,0.0575,7
4079,M,0.55,0.385,0.13,0.7275,0.343,0.1625,0.19,8
1543,I,0.365,0.27,0.085,0.2225,0.0935,0.0525,0.066,7
67,F,0.595,0.495,0.185,1.285,0.416,0.224,0.485,13
1842,I,0.435,0.33,0.11,0.38,0.1515,0.0945,0.11,7
1071,I,0.385,0.29,0.08,0.2485,0.122,0.0495,0.065,7
221,F,0.47,0.35,0.145,0.5175,0.187,0.1235,0.18,11
2978,M,0.485,0.365,0.155,1.029,0.4235,0.2285,0.313,8
3776,F,0.585,0.42,0.155,0.9845,0.442,0.2155,0.2875,13
3781,M,0.615,0.455,0.13,0.9685,0.49,0.182,0.2655,10
2934,F,0.62,0.475,0.15,0.9545,0.455,0.1865,0.277,9
1745,F,0.69,0.55,0.2,1.569,0.687,0.3675,0.46,12
3014,I,0.395,0.3,0.09,0.253,0.1155,0.05,0.075,6
88,F,0.46,0.355,0.13,0.517,0.2205,0.114,0.165,9
1623,F,0.565,0.44,0.15,0.863,0.435,0.149,0.27,9
2750,I,0.51,0.385,0.145,0.7665,0.3985,0.14,0.1805,8
4150,I,0.33,0.23,0.08,0.14,0.0565,0.0365,0.046,7
3013,I,0.39,0.28,0.09,0.215,0.0845,0.034,0.079,8
3346,I,0.47,0.4,0.16,0.51,0.1615,0.073,0.198,14
2515,F,0.47,0.375,0.12,0.6015,0.2765,0.1455,0.135,8
3505,M,0.625,0.495,0.18,1.0815,0.4715,0.254,0.3135,10
2422,F,0.475,0.365,0.13,0.4805,0.1905,0.114,0.1475,12
3531,I,0.365,0.275,0.09,0.2345,0.108,0.051,0.0625,7
3403,I,0.35,0.265,0.11,0.209,0.066,0.059,0.075,9
436,I,0.36,0.275,0.095,0.217,0.084,0.0435,0.09,7
2341,I,0.31,0.24,0.09,0.1455,0.0605,0.0315,0.045,7
3664,I,0.555,0.43,0.15,0.783,0.345,0.1755,0.247,9
3832,F,0.46,0.365,0.115,0.4485,0.165,0.083,0.17,14
3783,I,0.62,0.48,0.18,1.1305,0.5285,0.2655,0.306,12
2688,M,0.63,0.465,0.15,1.027,0.537,0.188,0.176,8
2451,M,0.35,0.26,0.09,0.198,0.0725,0.056,0.06,10
1953,M,0.64,0.49,0.155,1.1285,0.477,0.269,0.34,9
2102,I,0.41,0.31,0.11,0.315,0.124,0.082,0.095,9
3669,I,0.585,0.46,0.14,0.7635,0.326,0.153,0.265,9
3024,I,0.475,0.375,0.11,0.456,0.182,0.099,0.16,9
3138,M,0.51,0.4,0.14,0.6905,0.259,0.151,0.23,10
2817,I,0.33,0.225,0.075,0.187,0.0945,0.0395,0.0425,7
3490,M,0.535,0.42,0.16,0.7465,0.348,0.1515,0.2185,10
1207,F,0.755,0.625,0.21,2.505,1.1965,0.513,0.6785,11
1992,I,0.29,0.21,0.07,0.1115,0.048,0.0205,0.03,5
1791,M,0.55,0.42,0.16,1.3405,0.6325,0.311,0.344,10
283,M,0.485,0.395,0.14,0.6295,0.2285,0.127,0.225,14
712,I,0.28,0.205,0.055,0.1135,0.045,0.0275,0.0335,7
