mean_res
[[3, 5, 2, 2, 2, 2, 6, 2, 4, 4], [9, 15, 17, 9, 10, 11, 8, 11, 6, 7], [12, 20, 16, 12, 19, 14, 13, 20, 19, 19], [23, 16, 18, 32, 18, 24, 19, 19, 21, 19], [33, 38, 23, 29, 21, 37, 33, 31, 36, 32], [38, 37, 35, 42, 43, 42, 27, 30, 36, 39], [39, 46, 49, 38, 41, 38, 45, 44, 53, 47], [60, 50, 56, 54, 38, 55, 50, 56, 64, 53], [65, 65, 56, 69, 48, 57, 73, 54, 72, 45], [69, 63, 82, 70, 64, 77, 57, 80, 81, 52]]

mean_param
[[[94]],
 [[-290], [937]],
 [[985], [504], [390]],
 [[709], [517], [-457], [-430]],
 [[-18], [756], [610], [386], [-822]],
 [[-747], [-84], [396], [19], [-763], [748]],
 [[-784], [-209], [854], [-588], [66], [-147], [818]],
 [[-409], [297], [869], [615], [277], [763], [-790], [551]],
 [[346], [896], [-453], [107], [-99], [556], [-532], [-438], [446]],
 [[-157], [-734], [-601], [148], [225], [91], [43], [937], [-447], [-17]],
 [[-374]],
 [[6], [21]],
 [[226], [-506], [-640]],
 [[554], [513], [421], [95]],
 [[-881], [-333], [413], [321], [662]],
 [[-355], [11], [-325], [-739], [430], [-540]],
 [[301], [697], [-898], [-648], [-763], [153], [30]],
 [[351], [-136], [-992], [-959], [683], [-549], [521], [-427]],
 [[281], [-449], [472], [-224], [-751], [-290], [-768], [840], [-707]],
 [[175],
  [-290],
  [-812],
  [-789],
  [-351],
  [-449],
  [-899],
  [-937],
  [-716],
  [-239]],
 [[307]],
 [[-505], [391]],
 [[-440], [55], [963]],
 [[-279], [483], [241], [-171]],
 [[390], [271], [80], [155], [97]],
 [[-384], [295], [124], [-890], [41], [-642]],
 [[-560], [-438], [-960], [103], [935], [-464], [-742]],
 [[451], [525], [-859], [114], [115], [728], [39], [189]],
 [[267], [-88], [-730], [-848], [-710], [800], [-9], [-313], [819]],
 [[-673], [738], [706], [-170], [1000], [-703], [-396], [406], [236], [100]],
 [[883]],
 [[-729], [529]],
 [[929], [-59], [595]],
 [[225], [-136], [911], [-164]],
 [[240], [-891], [-36], [-924], [442]],
 [[-999], [703], [202], [86], [563], [128]],
 [[603], [861], [-271], [678], [-498], [-509], [151]],
 [[785], [-762], [-917], [-358], [801], [-291], [346], [839]],
 [[875], [263], [-151], [-266], [544], [-97], [-513], [248], [-705]],
 [[-301], [-768], [-648], [316], [-2], [551], [-752], [-956], [837], [-216]],
 [[707]],
 [[-187], [-534]],
 [[-492], [996], [344]],
 [[606], [-56], [-36], [8]],
 [[583], [481], [-116], [-184], [-754]],
 [[-1], [719], [-694], [-230], [-777], [336]],
 [[927], [-61], [-228], [28], [879], [-685], [691]],
 [[939], [-962], [-188], [443], [623], [101], [-200], [114]],
 [[-134], [356], [-299], [-511], [587], [915], [966], [-641], [198]],
 [[50], [-125], [626], [916], [484], [434], [414], [338], [-842], [-185]],
 [[-48]],
 [[161], [-901]],
 [[-817], [-807], [669]],
 [[-908], [-511], [-976], [956]],
 [[-45], [480], [-659], [-728], [449]],
 [[578], [303], [27], [134], [431], [430]],
 [[655], [14], [-263], [-469], [-428], [598], [273]],
 [[497], [-312], [-471], [-484], [-214], [158], [-973], [953]],
 [[963], [-538], [-856], [100], [-594], [-121], [785], [182], [134]],
 [[-199], [-599], [280], [-687], [-883], [528], [-217], [397], [210], [-736]],
 [[102]],
 [[-849], [740]],
 [[-715], [-586], [472]],
 [[-270], [717], [-539], [452]],
 [[-288], [96], [-819], [694], [-573]],
 [[-51], [-406], [213], [259], [545], [-478]],
 [[-881], [696], [-354], [663], [959], [683], [-770]],
 [[297], [-497], [-575], [39], [-752], [-566], [353], [-726]],
 [[184], [484], [469], [656], [563], [-226], [-13], [256], [-452]],
 [[307], [375], [886], [29], [751], [981], [574], [-138], [-443], [-800]],
 [[701]],
 [[-618], [-968]],
 [[543], [0], [-194]],
 [[103], [859], [-808], [388]],
 [[-913], [707], [-614], [219], [-611]],
 [[-212], [-262], [-524], [348], [550], [-868]],
 [[855], [-62], [708], [-638], [748], [-40], [194]],
 [[-868], [-189], [-181], [724], [323], [-193], [854], [-37]],
 [[130], [-965], [-377], [533], [628], [220], [138], [-866], [612]],
 [[-261], [-200], [619], [178], [-768], [175], [-971], [847], [-311], [536]],
 [[-930]],
 [[-242], [-849]],
 [[835], [-829], [-87]],
 [[24], [-994], [863], [-261]],
 [[-701], [-697], [-780], [-351], [-139]],
 [[-301], [246], [-923], [-871], [291], [679]],
 [[545], [127], [175], [-830], [451], [852], [-153]],
 [[-742], [128], [312], [-520], [-798], [478], [-904], [48]],
 [[612], [683], [-847], [-354], [896], [760], [-728], [-95], [636]],
 [[-924], [-354], [535], [816], [-917], [204], [359], [787], [-131], [992]],
 [[-524]],
 [[203], [994]],
 [[36], [477], [-62]],
 [[600], [-261], [-315], [481]],
 [[-550], [-981], [0], [-664], [840]],
 [[-919], [-529], [817], [73], [-929], [-590]],
 [[-93], [-503], [36], [-335], [934], [-850], [217]],
 [[-616], [276], [956], [-128], [-30], [-953], [-958], [349]],
 [[183], [269], [694], [192], [-306], [324], [-601], [53], [949]],
 [[154], [127], [751], [228], [512], [853], [-79], [-36], [704], [383]]]

cov_param
[[[[316]]],
 [[[124]], [[433]]],
 [[[152]], [[383]], [[314]]],
 [[[443]], [[160]], [[450]], [[191]]],
 [[[460]], [[124]], [[209]], [[429]], [[299]]],
 [[[442]], [[250]], [[360]], [[301]], [[410]], [[345]]],
 [[[176]], [[414]], [[459]], [[185]], [[231]], [[480]], [[374]]],
 [[[352]], [[378]], [[209]], [[488]], [[272]], [[348]], [[104]], [[473]]],
 [[[277]],
  [[462]],
  [[128]],
  [[420]],
  [[253]],
  [[151]],
  [[360]],
  [[238]],
  [[226]]],
 [[[175]],
  [[231]],
  [[308]],
  [[422]],
  [[129]],
  [[411]],
  [[176]],
  [[311]],
  [[243]],
  [[456]]],
 [[[236]]],
 [[[209]], [[288]]],
 [[[340]], [[273]], [[410]]],
 [[[192]], [[397]], [[330]], [[176]]],
 [[[358]], [[370]], [[169]], [[489]], [[209]]],
 [[[418]], [[345]], [[160]], [[171]], [[231]], [[145]]],
 [[[375]], [[459]], [[388]], [[450]], [[215]], [[202]], [[390]]],
 [[[257]], [[267]], [[496]], [[256]], [[415]], [[143]], [[214]], [[448]]],
 [[[274]],
  [[407]],
  [[365]],
  [[111]],
  [[268]],
  [[171]],
  [[228]],
  [[494]],
  [[448]]],
 [[[121]],
  [[139]],
  [[471]],
  [[253]],
  [[227]],
  [[371]],
  [[285]],
  [[140]],
  [[304]],
  [[468]]],
 [[[453]]],
 [[[148]], [[268]]],
 [[[104]], [[264]], [[157]]],
 [[[428]], [[164]], [[238]], [[146]]],
 [[[395]], [[471]], [[343]], [[314]], [[301]]],
 [[[212]], [[254]], [[168]], [[407]], [[156]], [[223]]],
 [[[322]], [[379]], [[228]], [[238]], [[371]], [[342]], [[306]]],
 [[[153]], [[291]], [[435]], [[285]], [[384]], [[470]], [[450]], [[115]]],
 [[[257]],
  [[449]],
  [[179]],
  [[396]],
  [[446]],
  [[210]],
  [[492]],
  [[286]],
  [[249]]],
 [[[179]],
  [[295]],
  [[325]],
  [[160]],
  [[407]],
  [[238]],
  [[441]],
  [[427]],
  [[104]],
  [[104]]],
 [[[429]]],
 [[[294]], [[387]]],
 [[[151]], [[115]], [[321]]],
 [[[447]], [[241]], [[289]], [[307]]],
 [[[336]], [[150]], [[498]], [[430]], [[457]]],
 [[[121]], [[156]], [[171]], [[360]], [[282]], [[238]]],
 [[[390]], [[435]], [[342]], [[457]], [[418]], [[154]], [[283]]],
 [[[181]], [[497]], [[460]], [[316]], [[472]], [[229]], [[420]], [[495]]],
 [[[128]],
  [[322]],
  [[292]],
  [[250]],
  [[274]],
  [[458]],
  [[425]],
  [[365]],
  [[128]]],
 [[[444]],
  [[362]],
  [[378]],
  [[420]],
  [[274]],
  [[463]],
  [[398]],
  [[345]],
  [[207]],
  [[423]]],
 [[[189]]],
 [[[466]], [[151]]],
 [[[271]], [[268]], [[225]]],
 [[[446]], [[480]], [[289]], [[433]]],
 [[[439]], [[199]], [[325]], [[377]], [[392]]],
 [[[236]], [[164]], [[106]], [[312]], [[113]], [[138]]],
 [[[193]], [[492]], [[441]], [[247]], [[179]], [[368]], [[154]]],
 [[[230]], [[337]], [[424]], [[476]], [[216]], [[456]], [[102]], [[227]]],
 [[[181]],
  [[191]],
  [[439]],
  [[138]],
  [[374]],
  [[385]],
  [[182]],
  [[292]],
  [[111]]],
 [[[211]],
  [[220]],
  [[120]],
  [[364]],
  [[197]],
  [[358]],
  [[413]],
  [[374]],
  [[226]],
  [[499]]],
 [[[160]]],
 [[[429]], [[298]]],
 [[[386]], [[428]], [[345]]],
 [[[365]], [[498]], [[110]], [[259]]],
 [[[242]], [[312]], [[404]], [[387]], [[262]]],
 [[[373]], [[329]], [[313]], [[185]], [[302]], [[299]]],
 [[[202]], [[242]], [[177]], [[390]], [[189]], [[469]], [[142]]],
 [[[284]], [[173]], [[230]], [[278]], [[242]], [[339]], [[176]], [[166]]],
 [[[229]],
  [[200]],
  [[396]],
  [[416]],
  [[378]],
  [[466]],
  [[222]],
  [[171]],
  [[335]]],
 [[[464]],
  [[142]],
  [[139]],
  [[441]],
  [[115]],
  [[307]],
  [[313]],
  [[170]],
  [[405]],
  [[444]]],
 [[[379]]],
 [[[223]], [[295]]],
 [[[246]], [[438]], [[303]]],
 [[[483]], [[191]], [[252]], [[173]]],
 [[[351]], [[249]], [[363]], [[253]], [[461]]],
 [[[111]], [[418]], [[152]], [[290]], [[327]], [[416]]],
 [[[126]], [[500]], [[181]], [[167]], [[422]], [[152]], [[322]]],
 [[[400]], [[481]], [[358]], [[303]], [[462]], [[296]], [[364]], [[466]]],
 [[[230]],
  [[101]],
  [[161]],
  [[203]],
  [[388]],
  [[439]],
  [[379]],
  [[218]],
  [[119]]],
 [[[185]],
  [[443]],
  [[383]],
  [[219]],
  [[310]],
  [[240]],
  [[438]],
  [[304]],
  [[352]],
  [[442]]],
 [[[166]]],
 [[[386]], [[332]]],
 [[[122]], [[209]], [[473]]],
 [[[272]], [[224]], [[139]], [[482]]],
 [[[316]], [[326]], [[188]], [[357]], [[360]]],
 [[[367]], [[200]], [[284]], [[400]], [[497]], [[274]]],
 [[[126]], [[122]], [[412]], [[175]], [[246]], [[122]], [[356]]],
 [[[389]], [[147]], [[362]], [[393]], [[254]], [[237]], [[280]], [[125]]],
 [[[344]],
  [[318]],
  [[401]],
  [[262]],
  [[176]],
  [[401]],
  [[242]],
  [[410]],
  [[497]]],
 [[[312]],
  [[366]],
  [[112]],
  [[397]],
  [[118]],
  [[371]],
  [[151]],
  [[270]],
  [[288]],
  [[382]]],
 [[[426]]],
 [[[398]], [[348]]],
 [[[424]], [[376]], [[271]]],
 [[[378]], [[182]], [[266]], [[209]]],
 [[[397]], [[401]], [[306]], [[360]], [[284]]],
 [[[233]], [[288]], [[464]], [[492]], [[226]], [[235]]],
 [[[303]], [[245]], [[416]], [[138]], [[187]], [[236]], [[142]]],
 [[[244]], [[471]], [[234]], [[207]], [[241]], [[345]], [[477]], [[254]]],
 [[[204]],
  [[378]],
  [[381]],
  [[273]],
  [[251]],
  [[364]],
  [[118]],
  [[286]],
  [[482]]],
 [[[114]],
  [[313]],
  [[183]],
  [[385]],
  [[461]],
  [[459]],
  [[422]],
  [[369]],
  [[194]],
  [[201]]],
 [[[158]]],
 [[[166]], [[400]]],
 [[[162]], [[236]], [[200]]],
 [[[128]], [[333]], [[414]], [[281]]],
 [[[425]], [[107]], [[116]], [[229]], [[382]]],
 [[[104]], [[491]], [[143]], [[188]], [[370]], [[207]]],
 [[[247]], [[351]], [[290]], [[300]], [[434]], [[199]], [[192]]],
 [[[450]], [[252]], [[397]], [[414]], [[286]], [[349]], [[153]], [[420]]],
 [[[440]],
  [[321]],
  [[462]],
  [[275]],
  [[137]],
  [[315]],
  [[459]],
  [[353]],
  [[411]]],
 [[[438]],
  [[356]],
  [[344]],
  [[448]],
  [[394]],
  [[493]],
  [[409]],
  [[184]],
  [[237]],
  [[368]]]]

