mean_res
[[2, 4, 5, 2, 2, 3, 3, 2, 3, 4], [6, 9, 8, 8, 9, 7, 6, 8, 14, 5], [10, 11, 12, 10, 10, 8, 9, 12, 15, 8], [15, 17, 15, 15, 19, 14, 17, 14, 15, 13], [28, 21, 22, 19, 22, 26, 18, 17, 23, 20], [24, 28, 26, 17, 30, 20, 30, 28, 24, 25], [32, 32, 28, 31, 26, 38, 29, 25, 25, 31], [30, 34, 31, 26, 36, 33, 38, 27, 23, 24], [41, 39, 41, 40, 41, 41, 40, 37, 39, 35], [49, 45, 40, 47, 38, 50, 35, 34, 49, 44]]


mean_param
[[[-383]],
 [[566], [243]],
 [[-470], [-365], [238]],
 [[-907], [-63], [826], [-525]],
 [[-91], [432], [895], [425], [-704]],
 [[766], [-889], [-773], [784], [-477], [108]],
 [[-890], [-225], [-336], [-368], [798], [-573], [-833]],
 [[-755], [681], [-865], [599], [-398], [244], [-524], [970]],
 [[434], [-626], [569], [32], [175], [-251], [-399], [-139], [992]],
 [[660], [925], [-166], [244], [264], [289], [-502], [-192], [-570], [-689]],
 [[-388]],
 [[472], [-998]],
 [[442], [-371], [19]],
 [[382], [-937], [-106], [-300]],
 [[2], [923], [-772], [322], [659]],
 [[357], [-121], [724], [540], [308], [-765]],
 [[-549], [531], [534], [-106], [606], [-889], [222]],
 [[53], [-667], [-402], [811], [-554], [377], [-134], [465]],
 [[-865], [-982], [101], [-319], [252], [144], [-40], [-455], [191]],
 [[68], [820], [-626], [-199], [-512], [434], [-928], [-331], [-755], [152]],
 [[35]],
 [[-809], [-622]],
 [[-540], [-378], [-880]],
 [[798], [-701], [705], [-693]],
 [[-912], [-414], [-881], [-818], [-590]],
 [[361], [-756], [-586], [528], [-763], [950]],
 [[-550], [462], [79], [784], [479], [482], [566]],
 [[-333], [-269], [565], [776], [-217], [-209], [-128], [703]],
 [[796], [865], [238], [-767], [-852], [633], [813], [90], [885]],
 [[545], [-162], [-254], [-354], [962], [47], [-242], [-381], [-382], [-741]],
 [[456]],
 [[-694], [-63]],
 [[284], [-724], [-837]],
 [[-481], [-272], [-355], [-433]],
 [[-366], [-123], [126], [815], [876]],
 [[730], [401], [-859], [-618], [94], [-905]],
 [[955], [330], [506], [39], [757], [31], [659]],
 [[-233], [339], [-622], [-934], [812], [457], [-873], [715]],
 [[-331], [-175], [-264], [-899], [928], [428], [-987], [-802], [-544]],
 [[36], [-712], [-533], [-363], [45], [845], [229], [616], [766], [189]],
 [[-28]],
 [[49], [-600]],
 [[647], [-433], [-532]],
 [[-709], [582], [-957], [-6]],
 [[-624], [604], [-832], [-514], [425]],
 [[-822], [318], [-598], [-299], [177], [716]],
 [[447], [-555], [822], [130], [845], [747], [23]],
 [[-285], [-1], [46], [360], [911], [371], [239], [823]],
 [[-817], [-308], [742], [-464], [348], [759], [-961], [860], [-538]],
 [[-463], [780], [949], [-149], [-397], [297], [-901], [-117], [898], [-555]],
 [[-270]],
 [[339], [158]],
 [[179], [246], [383]],
 [[-340], [-280], [-187], [69]],
 [[161], [789], [-190], [-693], [988]],
 [[-503], [495], [-493], [517], [-922], [38]],
 [[167], [432], [878], [628], [153], [18], [-973]],
 [[131], [151], [-78], [215], [-236], [721], [-246], [-104]],
 [[408], [356], [-379], [-96], [785], [-601], [-725], [905], [954]],
 [[161], [986], [164], [-21], [179], [811], [-879], [340], [43], [-181]],
 [[-748]],
 [[-464], [-654]],
 [[-731], [649], [264]],
 [[-369], [135], [-125], [-63]],
 [[130], [-653], [260], [956], [212]],
 [[-422], [-684], [-987], [-757], [-222], [340]],
 [[504], [265], [-80], [-95], [710], [-890], [478]],
 [[-801], [-207], [-92], [-628], [-81], [746], [-926], [-603]],
 [[-79], [-202], [869], [588], [-645], [-441], [797], [-944], [-876]],
 [[-868], [-530], [740], [-96], [820], [-792], [-890], [-41], [905], [-48]],
 [[39]],
 [[-664], [108]],
 [[809], [517], [35]],
 [[-346], [-284], [251], [-540]],
 [[816], [330], [-789], [-790], [-893]],
 [[-690], [147], [920], [-185], [-207], [467]],
 [[-383], [458], [318], [-208], [739], [-407], [-795]],
 [[-632], [-686], [-784], [-748], [-348], [687], [948], [144]],
 [[-302], [190], [151], [636], [-338], [415], [687], [858], [-660]],
 [[98], [758], [911], [-895], [-343], [555], [-328], [930], [-295], [-260]],
 [[219]],
 [[787], [-572]],
 [[857], [-358], [430]],
 [[371], [-641], [-204], [847]],
 [[237], [260], [-521], [685], [-345]],
 [[-583], [784], [-804], [-992], [-810], [949]],
 [[-772], [619], [675], [543], [-705], [-106], [110]],
 [[934], [70], [929], [-603], [-663], [-672], [-755], [197]],
 [[-734], [-726], [242], [438], [-351], [-720], [-266], [-644], [-519]],
 [[17], [0], [889], [-817], [91], [156], [-572], [451], [-427], [-287]],
 [[-215]],
 [[-939], [-55]],
 [[472], [-578], [860]],
 [[479], [-378], [-454], [-613]],
 [[632], [665], [755], [775], [-321]],
 [[-88], [905], [70], [335], [366], [-708]],
 [[-240], [-286], [-215], [-107], [977], [890], [-600]],
 [[-704], [-509], [-507], [-194], [606], [-98], [-805], [-648]],
 [[-985], [-119], [-150], [760], [423], [352], [855], [595], [198]],
 [[-904], [-70], [410], [-255], [-877], [-760], [301], [-745], [947], [649]]]

cov_param
[[[[388]]],
 [[[302]], [[376]]],
 [[[230]], [[107]], [[487]]],
 [[[500]], [[334]], [[282]], [[360]]],
 [[[207]], [[343]], [[271]], [[420]], [[296]]],
 [[[323]], [[428]], [[282]], [[104]], [[484]], [[479]]],
 [[[256]], [[107]], [[273]], [[401]], [[125]], [[466]], [[268]]],
 [[[443]], [[430]], [[165]], [[453]], [[309]], [[274]], [[113]], [[429]]],
 [[[453]],
  [[486]],
  [[487]],
  [[483]],
  [[428]],
  [[254]],
  [[293]],
  [[369]],
  [[336]]],
 [[[137]],
  [[201]],
  [[218]],
  [[121]],
  [[223]],
  [[214]],
  [[465]],
  [[294]],
  [[418]],
  [[468]]],
 [[[480]]],
 [[[284]], [[464]]],
 [[[451]], [[327]], [[187]]],
 [[[174]], [[289]], [[383]], [[362]]],
 [[[262]], [[409]], [[398]], [[249]], [[380]]],
 [[[241]], [[105]], [[259]], [[144]], [[351]], [[356]]],
 [[[410]], [[429]], [[235]], [[290]], [[218]], [[152]], [[363]]],
 [[[361]], [[166]], [[124]], [[134]], [[101]], [[131]], [[474]], [[110]]],
 [[[128]],
  [[117]],
  [[273]],
  [[109]],
  [[104]],
  [[208]],
  [[202]],
  [[251]],
  [[381]]],
 [[[228]],
  [[219]],
  [[207]],
  [[130]],
  [[384]],
  [[331]],
  [[269]],
  [[308]],
  [[108]],
  [[194]]],
 [[[427]]],
 [[[489]], [[211]]],
 [[[190]], [[150]], [[260]]],
 [[[471]], [[132]], [[326]], [[218]]],
 [[[482]], [[276]], [[401]], [[326]], [[216]]],
 [[[194]], [[129]], [[127]], [[472]], [[144]], [[480]]],
 [[[246]], [[229]], [[316]], [[227]], [[116]], [[228]], [[199]]],
 [[[279]], [[332]], [[437]], [[415]], [[447]], [[145]], [[225]], [[350]]],
 [[[275]],
  [[191]],
  [[432]],
  [[222]],
  [[495]],
  [[323]],
  [[241]],
  [[255]],
  [[271]]],
 [[[289]],
  [[333]],
  [[280]],
  [[302]],
  [[341]],
  [[108]],
  [[165]],
  [[186]],
  [[390]],
  [[380]]],
 [[[472]]],
 [[[185]], [[430]]],
 [[[177]], [[182]], [[413]]],
 [[[220]], [[430]], [[187]], [[342]]],
 [[[139]], [[178]], [[280]], [[330]], [[155]]],
 [[[179]], [[261]], [[450]], [[345]], [[117]], [[471]]],
 [[[198]], [[282]], [[287]], [[281]], [[500]], [[421]], [[440]]],
 [[[275]], [[161]], [[292]], [[238]], [[414]], [[207]], [[226]], [[255]]],
 [[[388]],
  [[225]],
  [[495]],
  [[218]],
  [[248]],
  [[391]],
  [[200]],
  [[169]],
  [[288]]],
 [[[236]],
  [[183]],
  [[138]],
  [[393]],
  [[360]],
  [[376]],
  [[377]],
  [[321]],
  [[324]],
  [[362]]],
 [[[193]]],
 [[[282]], [[321]]],
 [[[137]], [[205]], [[490]]],
 [[[168]], [[206]], [[183]], [[285]]],
 [[[125]], [[284]], [[412]], [[447]], [[208]]],
 [[[325]], [[435]], [[408]], [[184]], [[453]], [[443]]],
 [[[109]], [[261]], [[345]], [[118]], [[126]], [[287]], [[386]]],
 [[[169]], [[134]], [[263]], [[479]], [[390]], [[259]], [[262]], [[393]]],
 [[[346]],
  [[312]],
  [[136]],
  [[132]],
  [[430]],
  [[265]],
  [[192]],
  [[267]],
  [[260]]],
 [[[229]],
  [[256]],
  [[349]],
  [[106]],
  [[183]],
  [[248]],
  [[159]],
  [[320]],
  [[413]],
  [[242]]],
 [[[493]]],
 [[[468]], [[353]]],
 [[[244]], [[231]], [[188]]],
 [[[173]], [[148]], [[282]], [[481]]],
 [[[456]], [[198]], [[330]], [[346]], [[457]]],
 [[[119]], [[427]], [[140]], [[136]], [[365]], [[341]]],
 [[[347]], [[267]], [[366]], [[187]], [[462]], [[303]], [[297]]],
 [[[470]], [[479]], [[184]], [[401]], [[126]], [[471]], [[280]], [[221]]],
 [[[430]],
  [[379]],
  [[145]],
  [[488]],
  [[282]],
  [[182]],
  [[326]],
  [[123]],
  [[286]]],
 [[[272]],
  [[188]],
  [[351]],
  [[104]],
  [[219]],
  [[412]],
  [[327]],
  [[183]],
  [[206]],
  [[338]]],
 [[[261]]],
 [[[170]], [[268]]],
 [[[192]], [[479]], [[371]]],
 [[[219]], [[461]], [[339]], [[361]]],
 [[[259]], [[366]], [[359]], [[258]], [[205]]],
 [[[444]], [[449]], [[274]], [[317]], [[465]], [[362]]],
 [[[191]], [[325]], [[373]], [[286]], [[205]], [[143]], [[154]]],
 [[[375]], [[170]], [[303]], [[343]], [[367]], [[403]], [[400]], [[402]]],
 [[[350]],
  [[248]],
  [[278]],
  [[487]],
  [[406]],
  [[192]],
  [[497]],
  [[384]],
  [[443]]],
 [[[381]],
  [[328]],
  [[263]],
  [[271]],
  [[481]],
  [[298]],
  [[482]],
  [[242]],
  [[309]],
  [[269]]],
 [[[149]]],
 [[[305]], [[318]]],
 [[[414]], [[344]], [[176]]],
 [[[174]], [[170]], [[199]], [[210]]],
 [[[332]], [[179]], [[457]], [[317]], [[332]]],
 [[[291]], [[264]], [[243]], [[107]], [[349]], [[328]]],
 [[[479]], [[255]], [[397]], [[260]], [[485]], [[189]], [[350]]],
 [[[328]], [[334]], [[375]], [[374]], [[261]], [[353]], [[446]], [[425]]],
 [[[470]],
  [[263]],
  [[403]],
  [[336]],
  [[348]],
  [[301]],
  [[374]],
  [[211]],
  [[223]]],
 [[[202]],
  [[404]],
  [[225]],
  [[499]],
  [[417]],
  [[131]],
  [[314]],
  [[115]],
  [[284]],
  [[407]]],
 [[[438]]],
 [[[309]], [[247]]],
 [[[214]], [[303]], [[296]]],
 [[[496]], [[104]], [[433]], [[279]]],
 [[[499]], [[213]], [[133]], [[413]], [[296]]],
 [[[463]], [[250]], [[322]], [[279]], [[308]], [[178]]],
 [[[373]], [[475]], [[191]], [[274]], [[292]], [[266]], [[426]]],
 [[[458]], [[241]], [[206]], [[181]], [[375]], [[175]], [[326]], [[367]]],
 [[[320]],
  [[270]],
  [[475]],
  [[448]],
  [[404]],
  [[110]],
  [[498]],
  [[215]],
  [[454]]],
 [[[403]],
  [[117]],
  [[433]],
  [[168]],
  [[340]],
  [[173]],
  [[284]],
  [[170]],
  [[479]],
  [[133]]],
 [[[343]]],
 [[[370]], [[200]]],
 [[[223]], [[452]], [[102]]],
 [[[456]], [[121]], [[365]], [[136]]],
 [[[154]], [[494]], [[156]], [[304]], [[153]]],
 [[[467]], [[395]], [[463]], [[347]], [[243]], [[320]]],
 [[[431]], [[484]], [[310]], [[288]], [[381]], [[205]], [[133]]],
 [[[221]], [[110]], [[442]], [[333]], [[415]], [[390]], [[127]], [[369]]],
 [[[122]],
  [[242]],
  [[167]],
  [[220]],
  [[495]],
  [[291]],
  [[312]],
  [[275]],
  [[482]]],
 [[[359]],
  [[166]],
  [[367]],
  [[399]],
  [[278]],
  [[225]],
  [[427]],
  [[323]],
  [[176]],
  [[109]]]]