mean_res:
[[8, 4, 13, 11, 7, 28, 2, 16, 17, 26], [12, 43, 66, 29, 24, 50, 53, 64, 36, 60], [140, 118, 121, 110, 128, 139, 104, 116, 126, 137], [91, 135, 190, 153, 152, 186, 111, 188, 178, 180], [133, 212, 229, 287, 307, 53, 242, 193, 210, 209], [346, 350, 243, 366, 234, 288, 296, 185, 295, 348], [153, 351, 331, 328, 344, 343, 390, 385, 446, 262], [370, 424, 593, 462, 489, 463, 315, 209, 506, 415], [534, 583, 432, 626, 514, 651, 536, 503, 221, 604], [767, 457, 196, 604, 803, 556, 562, 688, 717, 642]]

mean_param:
[[[-550]],
 [[655], [-178]],
 [[-452], [776], [493]],
 [[-956], [-980], [537], [10]],
 [[766], [-794], [592], [-843], [944]],
 [[-646], [589], [-711], [-375], [452], [709]],
 [[-399], [830], [-710], [864], [-935], [-353], [646]],
 [[857], [721], [412], [-636], [-114], [-677], [463], [-494]],
 [[592], [396], [655], [124], [108], [743], [-72], [-190], [-649]],
 [[-6], [624], [910], [999], [-962], [416], [187], [215], [-717], [697]],
 [[-186]],
 [[-179], [254]],
 [[-522], [-985], [82]],
 [[25], [885], [904], [308]],
 [[-538], [-360], [406], [958], [459]],
 [[-310], [251], [879], [-437], [-551], [887]],
 [[563], [321], [-674], [568], [-362], [418], [738]],
 [[-239], [436], [508], [217], [753], [836], [966], [169]],
 [[-639], [-487], [-555], [473], [602], [13], [-194], [304], [-214]],
 [[731], [114], [-917], [-815], [287], [-453], [869], [964], [984], [263]],
 [[406]],
 [[-833], [742]],
 [[989], [925], [-187]],
 [[863], [-103], [274], [964]],
 [[-756], [230], [-164], [352], [-432]],
 [[-225], [145], [965], [82], [185], [-937]],
 [[992], [-504], [-577], [-417], [110], [-441], [199]],
 [[-487], [-86], [116], [5], [752], [575], [168], [-581]],
 [[660], [851], [-759], [530], [116], [976], [558], [993], [-721]],
 [[24], [172], [-105], [387], [553], [-338], [-747], [470], [-283], [104]],
 [[-305]],
 [[497], [170]],
 [[-769], [879], [-217]],
 [[140], [-432], [225], [805]],
 [[698], [46], [890], [230], [-163]],
 [[458], [439], [-80], [369], [-596], [77]],
 [[389], [186], [987], [-312], [196], [432], [-862]],
 [[527], [311], [-405], [-958], [477], [-681], [595], [602]],
 [[733], [571], [669], [239], [-285], [634], [-158], [114], [-689]],
 [[705], [-8], [-44], [-908], [45], [525], [-135], [-273], [345], [-960]],
 [[38]],
 [[937], [414]],
 [[-177], [410], [239]],
 [[-573], [-575], [814], [-449]],
 [[-847], [701], [349], [-42], [142]],
 [[-899], [-392], [505], [669], [-448], [248]],
 [[-525], [149], [-648], [617], [775], [-325], [-545]],
 [[973], [447], [728], [-938], [-176], [900], [911], [-492]],
 [[-612], [281], [-661], [-92], [870], [-697], [936], [-60], [-668]],
 [[594], [830], [-98], [-366], [-180], [-763], [-578], [395], [-861], [-534]],
 [[-342]],
 [[901], [956]],
 [[-908], [657], [-953]],
 [[-557], [-929], [441], [668]],
 [[974], [-95], [357], [-759], [418]],
 [[-805], [-182], [13], [-227], [-655], [-518]],
 [[-53], [187], [-567], [464], [-324], [215], [862]],
 [[-839], [-969], [756], [-346], [736], [-412], [-181], [802]],
 [[323], [625], [-969], [-703], [111], [156], [-480], [-838], [335]],
 [[855], [-928], [-876], [721], [-913], [599], [-115], [-611], [23], [-734]],
 [[-429]],
 [[673], [357]],
 [[-202], [292], [985]],
 [[314], [-503], [-877], [915]],
 [[-642], [-123], [429], [307], [984]],
 [[853], [120], [102], [457], [-132], [-857]],
 [[-453], [250], [991], [-852], [-637], [-691], [881]],
 [[750], [745], [-892], [-814], [-40], [-242], [-360], [-741]],
 [[-933], [360], [833], [563], [840], [-950], [74], [-815], [639]],
 [[-825], [-930], [-881], [-466], [505], [-467], [652], [752], [-378], [-130]],
 [[29]],
 [[-580], [890]],
 [[43], [958], [-15]],
 [[-735], [668], [72], [473]],
 [[436], [96], [836], [522], [-591]],
 [[-203], [-336], [-162], [-742], [-868], [-385]],
 [[92], [-145], [-348], [-442], [533], [65], [-983]],
 [[-751], [-351], [-334], [173], [-75], [-18], [869], [899]],
 [[986], [670], [888], [641], [-725], [72], [178], [605], [439]],
 [[529], [-260], [-242], [-371], [225], [89], [-657], [-697], [407], [152]],
 [[857]],
 [[-622], [-159]],
 [[269], [662], [117]],
 [[-456], [-781], [-465], [294]],
 [[78], [-840], [626], [317], [47]],
 [[-956], [-247], [454], [-550], [224], [772]],
 [[-129], [383], [115], [634], [486], [667], [-166]],
 [[-984], [89], [-221], [794], [-844], [261], [630], [197]],
 [[-918], [743], [-987], [967], [425], [314], [107], [683], [49]],
 [[-354], [112], [171], [-422], [-158], [924], [-164], [290], [-370], [-382]],
 [[36]],
 [[200], [126]],
 [[1000], [-483], [-981]],
 [[507], [158], [-246], [-177]],
 [[917], [833], [371], [840], [894]],
 [[733], [-215], [-49], [630], [-237], [534]],
 [[574], [-205], [645], [-10], [-704], [-697], [-648]],
 [[-247], [207], [944], [-472], [-412], [-139], [-440], [-313]],
 [[871], [-559], [699], [944], [466], [-813], [-735], [979], [-531]],
 [[-947], [-482], [-18], [950], [-183], [481], [708], [-818], [253], [125]]]

cov_param:
[[[[110]]],
 [[[224]], [[137]]],
 [[[382]], [[136]], [[138]]],
 [[[425]], [[248]], [[283]], [[340]]],
 [[[178]], [[356]], [[267]], [[360]], [[440]]],
 [[[191]], [[176]], [[263]], [[154]], [[363]], [[408]]],
 [[[164]], [[205]], [[379]], [[469]], [[499]], [[419]], [[444]]],
 [[[383]], [[482]], [[205]], [[253]], [[375]], [[124]], [[441]], [[229]]],
 [[[132]],
  [[328]],
  [[320]],
  [[228]],
  [[324]],
  [[375]],
  [[105]],
  [[273]],
  [[232]]],
 [[[112]],
  [[430]],
  [[313]],
  [[392]],
  [[131]],
  [[281]],
  [[170]],
  [[164]],
  [[232]],
  [[241]]],
 [[[388]]],
 [[[188]], [[145]]],
 [[[348]], [[190]], [[262]]],
 [[[432]], [[324]], [[451]], [[474]]],
 [[[222]], [[353]], [[345]], [[215]], [[311]]],
 [[[386]], [[472]], [[434]], [[430]], [[124]], [[136]]],
 [[[361]], [[288]], [[361]], [[204]], [[252]], [[253]], [[382]]],
 [[[184]], [[459]], [[337]], [[143]], [[163]], [[410]], [[363]], [[293]]],
 [[[179]],
  [[318]],
  [[391]],
  [[487]],
  [[126]],
  [[448]],
  [[467]],
  [[278]],
  [[363]]],
 [[[184]],
  [[473]],
  [[368]],
  [[230]],
  [[151]],
  [[477]],
  [[142]],
  [[171]],
  [[497]],
  [[437]]],
 [[[458]]],
 [[[327]], [[223]]],
 [[[295]], [[321]], [[184]]],
 [[[266]], [[164]], [[349]], [[208]]],
 [[[320]], [[373]], [[160]], [[251]], [[227]]],
 [[[483]], [[102]], [[197]], [[324]], [[110]], [[421]]],
 [[[410]], [[233]], [[188]], [[175]], [[202]], [[259]], [[487]]],
 [[[449]], [[186]], [[282]], [[315]], [[162]], [[206]], [[296]], [[245]]],
 [[[155]],
  [[112]],
  [[391]],
  [[106]],
  [[251]],
  [[445]],
  [[470]],
  [[432]],
  [[138]]],
 [[[291]],
  [[259]],
  [[357]],
  [[282]],
  [[370]],
  [[100]],
  [[326]],
  [[330]],
  [[256]],
  [[304]]],
 [[[500]]],
 [[[449]], [[352]]],
 [[[431]], [[293]], [[204]]],
 [[[101]], [[425]], [[469]], [[478]]],
 [[[472]], [[201]], [[336]], [[364]], [[481]]],
 [[[256]], [[187]], [[417]], [[371]], [[284]], [[101]]],
 [[[299]], [[318]], [[307]], [[418]], [[475]], [[483]], [[352]]],
 [[[226]], [[432]], [[422]], [[308]], [[422]], [[424]], [[303]], [[238]]],
 [[[191]],
  [[137]],
  [[497]],
  [[105]],
  [[235]],
  [[462]],
  [[450]],
  [[255]],
  [[336]]],
 [[[232]],
  [[186]],
  [[361]],
  [[238]],
  [[150]],
  [[402]],
  [[135]],
  [[134]],
  [[326]],
  [[184]]],
 [[[463]]],
 [[[182]], [[147]]],
 [[[425]], [[241]], [[255]]],
 [[[370]], [[221]], [[270]], [[135]]],
 [[[457]], [[367]], [[288]], [[361]], [[477]]],
 [[[186]], [[434]], [[465]], [[384]], [[282]], [[478]]],
 [[[300]], [[304]], [[347]], [[232]], [[412]], [[466]], [[232]]],
 [[[412]], [[225]], [[438]], [[418]], [[262]], [[321]], [[489]], [[237]]],
 [[[137]],
  [[474]],
  [[396]],
  [[397]],
  [[472]],
  [[410]],
  [[234]],
  [[369]],
  [[170]]],
 [[[170]],
  [[466]],
  [[284]],
  [[484]],
  [[223]],
  [[467]],
  [[467]],
  [[256]],
  [[154]],
  [[303]]],
 [[[352]]],
 [[[151]], [[195]]],
 [[[128]], [[405]], [[485]]],
 [[[449]], [[353]], [[370]], [[470]]],
 [[[413]], [[275]], [[240]], [[413]], [[188]]],
 [[[213]], [[219]], [[330]], [[484]], [[218]], [[245]]],
 [[[380]], [[299]], [[331]], [[232]], [[354]], [[156]], [[209]]],
 [[[123]], [[102]], [[345]], [[296]], [[397]], [[200]], [[181]], [[488]]],
 [[[177]],
  [[115]],
  [[298]],
  [[440]],
  [[129]],
  [[294]],
  [[166]],
  [[336]],
  [[255]]],
 [[[107]],
  [[374]],
  [[368]],
  [[166]],
  [[240]],
  [[160]],
  [[146]],
  [[114]],
  [[426]],
  [[481]]],
 [[[451]]],
 [[[198]], [[329]]],
 [[[268]], [[237]], [[233]]],
 [[[425]], [[225]], [[401]], [[402]]],
 [[[279]], [[409]], [[386]], [[367]], [[131]]],
 [[[280]], [[311]], [[202]], [[374]], [[439]], [[465]]],
 [[[480]], [[469]], [[485]], [[228]], [[149]], [[130]], [[204]]],
 [[[319]], [[122]], [[426]], [[362]], [[356]], [[150]], [[120]], [[372]]],
 [[[326]],
  [[165]],
  [[302]],
  [[462]],
  [[328]],
  [[477]],
  [[238]],
  [[228]],
  [[266]]],
 [[[254]],
  [[296]],
  [[475]],
  [[260]],
  [[166]],
  [[294]],
  [[159]],
  [[447]],
  [[148]],
  [[225]]],
 [[[385]]],
 [[[269]], [[273]]],
 [[[300]], [[399]], [[153]]],
 [[[434]], [[329]], [[386]], [[397]]],
 [[[366]], [[115]], [[249]], [[180]], [[289]]],
 [[[366]], [[149]], [[276]], [[394]], [[122]], [[433]]],
 [[[260]], [[252]], [[280]], [[266]], [[483]], [[356]], [[369]]],
 [[[176]], [[472]], [[267]], [[135]], [[243]], [[332]], [[286]], [[479]]],
 [[[294]],
  [[140]],
  [[396]],
  [[128]],
  [[124]],
  [[351]],
  [[228]],
  [[225]],
  [[393]]],
 [[[273]],
  [[429]],
  [[306]],
  [[337]],
  [[274]],
  [[359]],
  [[114]],
  [[228]],
  [[213]],
  [[168]]],
 [[[157]]],
 [[[492]], [[472]]],
 [[[125]], [[150]], [[448]]],
 [[[465]], [[204]], [[134]], [[392]]],
 [[[428]], [[137]], [[211]], [[188]], [[321]]],
 [[[402]], [[349]], [[245]], [[202]], [[352]], [[220]]],
 [[[331]], [[287]], [[196]], [[346]], [[137]], [[231]], [[203]]],
 [[[482]], [[494]], [[363]], [[349]], [[306]], [[361]], [[396]], [[317]]],
 [[[280]],
  [[334]],
  [[197]],
  [[253]],
  [[453]],
  [[102]],
  [[161]],
  [[254]],
  [[482]]],
 [[[497]],
  [[430]],
  [[382]],
  [[369]],
  [[377]],
  [[365]],
  [[408]],
  [[397]],
  [[331]],
  [[167]]],
 [[[327]]],
 [[[171]], [[495]]],
 [[[183]], [[425]], [[317]]],
 [[[438]], [[118]], [[315]], [[244]]],
 [[[437]], [[484]], [[109]], [[146]], [[146]]],
 [[[102]], [[237]], [[239]], [[500]], [[425]], [[346]]],
 [[[272]], [[333]], [[159]], [[281]], [[312]], [[109]], [[233]]],
 [[[165]], [[247]], [[311]], [[363]], [[478]], [[453]], [[321]], [[497]]],
 [[[348]],
  [[466]],
  [[351]],
  [[305]],
  [[317]],
  [[132]],
  [[205]],
  [[176]],
  [[473]]],
 [[[152]],
  [[179]],
  [[496]],
  [[150]],
  [[432]],
  [[195]],
  [[101]],
  [[318]],
  [[126]],
  [[211]]]]